Household	Health	OwnHome	Instagram	Marital	Sex	Age	Children	Education	JobSat	Income	WorkHrs	Happy
"3"	2	2	0	2	1	1	72	2	16	0	0	-1	1
"4"	4	2	1	0	1	2	43	4	12	0	5265	-1	2
"5"	3	1	0	1	1	2	55	2	18	3	936	15	1
"6"	2	0	1	1	1	2	53	2	14	0	0	-1	1
"7"	3	4	1	0	1	1	50	2	14	0	164382.03756	-1	2
"8"	2	2	0	1	1	2	23	3	11	2	7605	30	1
"9"	2	2	2	0	1	1	45	3	12	0	9945	-1	2
"10"	2	2	0	2	3	1	71	4	14	0	0	-1	2
"11"	1	0	2	2	5	2	33	5	12	0	0	-1	8
"12"	1	4	3	0	2	2	86	4	12	0	0	-1	3
"13"	4	0	2	2	1	1	32	3	12	0	2106	-1	1
"14"	1	2	0	2	1	2	60	5	98	0	0	-1	1
"15"	1	0	2	2	3	1	76	7	10	0	11115	-1	2
"16"	2	1	0	0	5	2	33	2	13	2	12870	43	2
"17"	4	1	0	0	1	1	56	6	13	2	9945	50	1
"18"	1	0	2	0	2	2	62	5	10	0	0	-1	2
"21"	2	0	1	2	5	2	58	0	12	0	31590	-1	2
"22"	2	1	0	1	5	2	32	3	11	3	0	50	2
"23"	2	0	2	1	5	2	23	2	10	3	2106	-1	1
"24"	2	1	0	0	1	2	37	2	12	0	25740	-1	1
"25"	1	3	0	1	3	2	25	2	15	4	8775	50	2
"27"	2	1	1	0	1	1	71	2	19	0	0	-1	1
"28"	3	0	2	1	5	1	22	0	14	4	0	-1	3
"29"	1	0	1	2	2	1	74	2	18	0	31590	-1	2
"30"	1	2	0	2	3	2	75	3	12	0	0	-1	3
"31"	5	0	2	2	5	1	32	0	12	0	0	-1	3
"32"	2	2	0	2	1	2	68	2	12	1	25740	50	2
"33"	3	2	1	0	1	1	55	3	12	0	56160	-1	2
"34"	2	3	0	2	1	1	46	1	14	0	0	-1	2
"35"	2	3	1	0	4	2	58	2	12	0	0	-1	3
"38"	2	2	1	0	1	2	43	2	16	0	25740	-1	2
"39"	1	1	0	1	5	2	58	0	16	1	56160	65	1
"40"	1	0	1	0	2	2	79	1	14	0	0	-1	2
"41"	2	2	0	0	5	2	40	1	12	5	8775	33	2
"42"	2	2	2	0	1	2	44	2	12	0	0	-1	3
"43"	2	0	1	2	1	2	68	2	16	0	0	-1	2
"45"	1	0	2	2	3	1	70	0	17	0	0	-1	1
"46"	1	3	0	2	5	1	28	0	15	1	38610	45	1
"47"	1	0	2	1	5	2	35	0	16	0	0	-1	2
"48"	2	2	2	0	1	1	33	0	16	0	25740	-1	3
"49"	2	1	0	2	5	1	23	0	17	2	0	-1	2
"50"	1	0	1	2	3	2	47	0	16	1	56160	-1	1
"51"	2	0	1	1	5	2	25	0	16	0	0	-1	1
"52"	2	1	1	0	1	2	70	2	12	0	0	-1	2
"53"	3	0	1	1	5	1	20	0	13	2	936	-1	1
"54"	2	2	0	2	1	1	41	2	19	2	164382.03756	45	1
"55"	4	1	1	0	1	2	53	3	16	0	2574	-1	1
"56"	2	0	1	1	1	2	42	2	16	0	21060	-1	2
"57"	1	0	2	2	3	2	40	3	17	3	11115	-1	2
"58"	1	0	9	2	3	2	57	2	17	0	31590	-1	2
"59"	1	1	0	2	3	2	59	2	20	5	4212	60	2
"60"	2	2	2	0	5	2	35	3	10	0	3042	-1	2
"61"	1	1	0	1	5	1	26	0	13	3	9945	37	2
"62"	2	0	2	2	2	1	35	2	12	0	0	-1	3
"63"	1	3	0	0	4	2	51	3	12	0	0	-1	8
"64"	2	0	2	1	3	2	39	3	13	5	9945	-1	3
"65"	1	2	3	0	5	2	27	2	11	0	0	-1	2
"66"	2	3	0	1	5	1	30	2	10	5	12870	40	2
"67"	2	0	2	1	5	1	29	2	12	0	11115	-1	2
"68"	1	3	2	0	5	2	39	6	10	0	0	-1	3
"69"	3	3	1	0	3	2	60	3	11	0	0	-1	2
"70"	1	3	1	0	2	2	74	4	6	0	0	-1	3
"71"	1	3	2	0	5	2	74	5	10	0	0	-1	3
"72"	1	2	1	0	3	2	57	2	14	0	38610	-1	1
"74"	1	0	1	0	3	1	70	4	12	0	0	-1	3
"75"	2	1	2	0	1	2	35	2	18	0	21060	-1	1
"77"	1	1	2	0	5	2	36	0	20	0	25740	-1	2
"78"	1	2	2	0	5	2	37	0	18	0	31590	-1	2
"79"	2	1	0	2	2	2	78	0	19	0	0	-1	1
"80"	2	2	0	2	5	1	41	0	12	3	0	37	1
"82"	1	1	0	1	4	2	35	1	14	3	31590	60	3
"84"	2	2	0	0	3	1	44	3	12	2	38610	40	1
"86"	1	2	1	0	3	1	52	2	12	0	21060	-1	2
"87"	1	0	2	1	5	2	45	0	16	6	38610	-1	2
"88"	2	3	2	0	3	2	41	1	13	0	11115	-1	2
"89"	3	2	0	0	4	2	41	3	12	3	8775	40	1
"90"	1	3	0	0	5	1	68	0	12	0	0	-1	2
"91"	1	0	2	2	5	2	57	3	12	0	0	-1	2
"92"	3	3	0	0	1	1	72	3	20	0	0	-1	1
"93"	1	2	2	0	3	1	68	0	19	0	0	-1	2
"94"	1	2	0	1	5	1	50	0	16	3	46800	40	2
"95"	1	2	0	2	5	1	40	0	17	2	65520	55	2
"96"	1	0	2	1	5	1	58	0	15	0	25740	-1	2
"97"	1	0	2	0	5	1	43	0	16	0	9945	-1	2
"98"	2	0	2	2	5	1	25	0	16	0	3042	-1	1
"99"	1	2	0	2	5	1	33	0	20	2	4212	40	2
"100"	2	2	0	2	5	1	27	0	16	2	31590	35	2
"101"	4	2	0	2	1	2	58	2	16	4	15210	37	2
"102"	2	0	1	0	1	2	66	4	12	0	0	-1	2
"103"	1	3	2	0	4	1	66	0	12	0	0	-1	2
"104"	1	1	0	0	2	2	89	2	12	0	0	-1	2
"105"	3	3	0	0	1	2	29	2	14	1	0	40	2
"107"	1	2	0	0	5	2	78	0	12	0	0	-1	2
"108"	1	3	2	0	5	2	52	3	12	0	0	-1	3
"109"	1	3	1	0	5	1	50	0	11	0	0	-1	2
"110"	2	2	0	2	1	2	25	1	16	2	0	5	1
"112"	3	1	0	2	3	2	54	2	16	2	0	50	1
"113"	2	2	9	0	1	1	52	3	14	0	0	-1	2
"114"	2	0	1	0	1	1	48	0	14	2	46800	-1	2
"116"	1	2	0	2	1	2	29	0	17	1	0	15	2
"117"	3	2	0	2	1	2	75	3	19	0	0	-1	1
"118"	2	0	1	2	1	2	59	0	19	0	164382.03756	-1	1
"119"	2	2	0	2	1	1	81	2	13	0	0	-1	1
"120"	2	0	1	2	1	2	69	3	12	0	0	-1	2
"123"	1	1	0	2	5	2	33	1	16	3	0	25	2
"124"	3	3	1	0	3	1	56	2	12	0	56160	-1	2
"125"	2	0	1	2	1	1	71	2	16	0	0	-1	2
"126"	3	0	1	0	5	1	21	0	15	0	0	-1	1
"127"	2	1	1	0	1	2	49	3	12	0	46800	-1	1
"128"	2	2	0	1	5	1	26	0	16	2	38610	50	1
"130"	2	2	1	0	1	1	36	0	20	0	31590	-1	2
"131"	1	0	1	0	2	1	68	0	12	0	0	-1	2
"133"	1	2	0	2	5	2	60	1	14	0	2106	-1	2
"134"	1	4	2	0	5	1	48	0	12	0	25740	-1	1
"135"	3	4	0	2	1	2	47	3	12	4	21060	40	3
"136"	1	2	2	0	5	2	36	0	14	0	0	-1	2
"137"	1	0	1	0	2	2	89	2	12	0	0	-1	2
"138"	2	3	0	1	4	2	64	2	12	0	936	-1	3
"139"	2	1	2	0	5	2	38	0	16	0	31590	-1	1
"140"	1	2	0	0	2	1	62	1	12	0	0	-1	2
"144"	1	2	0	2	3	2	47	1	16	0	0	-1	2
"145"	1	0	1	2	3	1	62	0	14	3	31590	-1	2
"149"	1	0	2	2	3	2	57	1	12	0	31590	-1	2
"150"	2	2	1	0	5	1	30	0	16	0	17550	-1	2
"151"	2	1	0	2	1	1	39	0	18	2	21060	60	2
"152"	1	0	2	1	5	2	37	0	15	0	15210	-1	1
"153"	2	2	0	2	1	2	52	0	12	0	0	999	1
"154"	1	3	2	0	5	2	61	0	18	0	8775	-1	3
"155"	3	2	0	2	1	1	58	1	12	3	25740	40	2
"156"	2	1	2	0	5	1	31	0	14	0	0	-1	1
"157"	2	2	0	2	1	2	52	2	16	3	11115	30	2
"159"	5	0	1	2	1	2	25	1	13	3	21060	-1	2
"160"	3	1	2	0	2	1	54	4	12	0	31590	-1	1
"161"	2	0	1	1	3	2	33	1	15	0	25740	-1	1
"162"	2	2	1	0	1	1	33	1	18	0	0	-1	1
"163"	1	3	0	0	3	2	61	2	12	5	6435	999	3
"164"	3	3	0	0	2	2	65	4	99	0	0	-1	2
"165"	3	0	1	0	5	2	53	0	12	0	0	-1	3
"166"	3	4	2	0	2	2	66	8	11	0	0	-1	3
"167"	1	4	0	2	5	2	41	2	12	0	0	45	3
"168"	2	0	2	1	3	2	57	2	13	0	936	-1	2
"169"	1	1	0	2	5	1	50	0	12	1	38610	50	2
"170"	2	2	0	0	1	1	75	4	14	0	0	-1	3
"171"	2	0	2	1	5	2	22	3	11	5	0	-1	3
"172"	2	3	0	1	5	1	27	0	14	1	8775	45	2
"173"	1	0	2	2	4	2	20	1	12	0	0	-1	2
"175"	2	0	2	1	5	2	49	1	14	5	0	-1	3
"176"	1	2	2	0	3	2	51	1	14	0	31590	-1	2
"177"	3	1	2	0	4	1	56	5	16	0	38610	-1	1
"178"	2	3	0	2	1	2	41	1	18	0	0	-1	2
"179"	1	2	0	2	3	1	67	4	14	2	21060	24	2
"180"	1	3	2	0	5	2	38	4	12	0	2574	-1	2
"181"	1	3	0	2	2	2	76	1	16	0	17550	-1	3
"182"	1	4	2	0	3	1	66	1	14	0	0	-1	3
"183"	1	3	0	0	5	2	84	0	17	0	0	-1	2
"185"	1	2	0	2	5	1	46	2	16	3	2106	40	2
"186"	3	0	2	1	5	1	25	0	13	0	0	-1	1
"187"	2	1	0	2	1	1	67	1	18	0	0	-1	2
"188"	2	2	2	0	1	1	34	2	12	0	21060	-1	2
"189"	2	3	2	0	1	2	29	3	8	0	0	-1	3
"191"	5	2	0	1	5	2	39	1	14	0	7605	-1	2
"192"	1	0	2	0	5	2	39	2	9	0	8775	-1	2
"195"	2	2	2	0	5	1	32	4	9	0	8775	-1	2
"196"	2	0	1	2	1	1	38	1	14	2	25740	-1	1
"197"	1	2	0	0	5	2	79	0	13	0	0	-1	1
"198"	1	2	1	0	5	1	49	0	16	0	46800	-1	1
"199"	2	2	2	0	5	1	22	0	15	0	1638	-1	2
"200"	1	1	2	0	1	1	30	0	16	0	46800	-1	2
"201"	1	2	2	0	1	1	47	2	15	0	164382.03756	-1	2
"202"	1	0	2	1	4	1	55	1	12	2	46800	-1	2
"203"	1	0	2	2	5	1	30	0	16	2	38610	-1	1
"204"	3	0	2	1	5	1	29	0	16	0	25740	-1	2
"205"	1	2	0	1	5	1	37	0	16	3	3042	60	1
"207"	1	2	2	0	4	2	38	0	16	0	21060	-1	2
"208"	1	0	1	0	2	2	81	0	11	0	0	-1	3
"209"	1	0	2	1	4	1	35	0	14	0	2106	-1	2
"210"	2	4	2	0	1	1	46	1	20	0	0	-1	3
"211"	2	0	2	1	3	1	37	2	12	1	56160	-1	1
"213"	2	1	2	0	1	1	43	1	12	0	0	-1	1
"216"	2	2	0	2	1	1	77	8	12	0	15210	-1	2
"217"	1	0	2	1	5	2	61	1	16	0	25740	-1	2
"218"	3	2	2	0	5	2	45	2	12	0	11115	-1	2
"219"	1	3	2	0	3	1	47	4	13	0	38610	-1	1
"220"	2	3	0	1	1	1	41	1	16	2	56160	40	1
"221"	3	0	1	1	5	2	19	0	12	0	0	-1	2
"222"	8	1	0	0	1	1	50	3	6	4	9945	40	1
"223"	3	3	0	1	5	1	25	0	17	3	11115	50	2
"225"	3	0	1	1	5	1	21	0	14	3	0	-1	2
"226"	5	2	1	0	1	2	48	1	12	0	17550	-1	1
"227"	4	2	0	2	5	1	25	0	17	3	25740	40	2
"228"	3	0	2	2	5	1	31	0	16	0	31590	-1	1
"229"	2	3	0	1	5	2	33	1	18	4	15210	40	2
"230"	2	0	1	0	1	1	72	3	16	0	0	-1	2
"232"	2	2	0	1	1	2	66	2	16	0	0	-1	1
"234"	2	2	0	2	1	1	81	2	19	0	0	-1	2
"235"	4	0	1	1	5	1	23	0	16	0	234	-1	2
"236"	1	2	1	0	3	2	48	2	19	0	56160	-1	3
"237"	3	2	0	0	1	2	62	3	18	3	5265	23	2
"238"	3	3	0	1	1	1	43	3	12	5	6435	40	2
"239"	2	1	2	0	5	2	34	0	16	0	6435	-1	1
"240"	2	0	1	2	1	1	36	2	12	0	25740	-1	1
"241"	2	0	2	2	5	1	37	5	12	2	25740	-1	2
"242"	4	3	2	0	5	1	32	0	14	0	9945	-1	1
"244"	1	0	2	2	2	1	42	1	12	2	31590	-1	1
"245"	3	2	1	0	1	1	51	3	12	0	0	-1	1
"246"	2	1	1	0	1	2	44	0	17	0	65520	-1	2
"247"	2	2	0	1	1	2	36	1	13	0	0	-1	2
"248"	2	0	1	2	1	1	49	0	15	3	38610	-1	2
"249"	3	0	2	1	1	2	49	3	12	0	15210	-1	1
"250"	2	1	0	1	1	2	35	2	16	3	0	33	2
"251"	1	0	1	2	1	1	47	2	20	3	0	-1	2
"252"	3	0	1	2	5	1	29	0	14	3	7605	-1	2
"253"	1	2	0	2	5	1	36	2	18	1	0	40	1
"255"	4	1	0	0	5	1	19	0	12	4	0	-1	3
"256"	3	0	1	2	5	1	25	0	12	3	15210	-1	2
"258"	2	4	1	0	1	1	62	2	13	0	0	-1	1
"260"	1	1	1	0	4	1	41	4	14	0	0	-1	1
"262"	2	1	0	1	5	1	20	0	13	3	0	35	2
"263"	2	0	2	1	5	1	42	2	12	2	8775	-1	1
"264"	1	2	2	0	5	2	30	1	13	0	1638	-1	1
"265"	3	0	2	1	4	2	26	1	17	0	6435	-1	2
"267"	2	3	3	0	5	2	47	1	12	0	0	-1	2
"269"	3	2	0	2	1	1	44	2	11	1	31590	52	2
"270"	2	0	1	2	1	2	75	0	18	0	0	-1	1
"271"	2	2	0	2	1	2	44	3	18	0	0	-1	1
"272"	2	0	1	1	1	2	36	0	16	0	11115	-1	1
"273"	1	2	1	0	3	2	62	2	16	0	25740	-1	2
"274"	2	0	1	1	1	1	37	2	16	1	0	-1	1
"275"	1	2	1	0	2	2	69	2	13	0	0	-1	1
"276"	1	3	0	1	3	1	48	2	15	0	0	60	2
"277"	2	0	1	0	1	2	44	3	20	0	31590	-1	2
"278"	2	1	0	2	1	1	59	0	16	2	17550	40	1
"279"	2	0	1	0	1	2	61	2	14	3	17550	-1	2
"280"	2	0	1	1	1	1	31	2	10	0	25740	-1	1
"281"	2	3	1	0	1	2	54	3	9	0	0	-1	1
"283"	3	1	0	0	1	2	47	4	12	0	0	-1	2
"285"	1	1	1	0	2	2	83	3	12	0	0	-1	2
"286"	2	2	0	2	3	1	38	3	14	3	38610	75	2
"287"	1	0	2	1	1	1	47	1	14	1	0	-1	1
"288"	2	2	0	2	1	1	28	0	14	3	21060	60	2
"289"	2	2	1	0	2	2	73	2	12	0	21060	-1	2
"290"	1	1	1	0	5	2	31	0	17	0	46800	-1	2
"291"	2	0	1	2	1	1	55	0	19	0	74880	-1	1
"293"	1	2	2	0	1	1	50	2	19	0	56160	-1	1
"294"	1	4	2	0	3	2	67	2	11	0	0	-1	1
"295"	2	2	0	0	1	1	41	2	12	0	12870	40	1
"296"	3	0	1	2	5	2	22	0	12	2	234	-1	2
"297"	2	1	1	0	1	2	60	1	19	0	0	-1	2
"298"	2	2	0	1	1	2	36	2	16	0	0	-1	1
"299"	2	2	1	0	1	2	39	3	16	0	164382.03756	-1	2
"301"	2	2	2	0	5	2	23	1	13	0	0	-1	2
"302"	1	4	0	2	4	2	63	4	9	0	0	-1	3
"303"	2	0	2	0	1	1	60	3	13	0	2106	-1	2
"305"	2	1	2	0	1	1	40	5	14	0	21060	-1	2
"306"	2	2	1	0	1	2	30	0	19	0	31590	-1	1
"307"	1	0	1	2	4	2	43	5	12	0	0	-1	1
"309"	1	3	1	0	5	1	99	0	16	0	0	-1	3
"310"	2	0	2	1	5	2	25	2	13	0	936	-1	2
"311"	2	0	1	2	1	1	99	2	20	3	74880	-1	2
"312"	2	0	1	2	1	1	58	3	16	0	164382.03756	-1	2
"313"	2	3	0	2	2	1	60	2	12	2	46800	50	1
"314"	2	0	1	2	1	1	44	3	16	0	17550	-1	2
"316"	2	0	1	2	1	1	66	4	15	2	46800	-1	1
"317"	2	1	2	0	3	1	43	4	12	0	21060	-1	1
"318"	2	0	1	2	1	1	37	2	12	3	11115	-1	1
"319"	2	2	1	0	5	1	28	1	12	0	0	-1	2
"321"	2	1	0	2	5	2	27	4	8	0	0	-1	2
"322"	2	0	1	2	3	2	60	0	18	2	46800	-1	2
"324"	1	4	2	0	3	1	74	8	14	0	0	-1	3
"325"	2	2	0	2	3	2	32	4	12	5	0	-1	3
"326"	2	2	1	0	1	2	68	4	12	0	0	-1	2
"327"	2	2	0	1	5	1	39	3	12	2	21060	55	2
"329"	1	1	1	0	3	2	52	3	16	0	164382.03756	-1	1
"330"	2	2	1	0	1	1	46	2	16	0	164382.03756	-1	2
"331"	3	1	0	2	1	1	56	2	12	0	0	-1	2
"332"	2	0	1	0	1	1	60	2	16	0	46800	-1	1
"333"	2	0	1	1	5	1	22	0	15	3	0	-1	1
"334"	3	4	2	0	1	1	42	4	13	0	2574	-1	1
"335"	2	3	0	0	1	1	35	3	9	1	25740	60	3
"336"	2	0	1	1	3	2	42	3	16	0	56160	-1	2
"338"	2	0	1	2	1	2	32	1	18	0	38610	-1	2
"340"	3	0	1	1	5	1	20	0	14	3	1638	-1	2
"341"	2	2	0	2	1	1	44	2	18	2	38610	45	1
"342"	2	0	1	2	1	2	34	2	12	0	9945	-1	2
"343"	3	2	0	2	1	2	62	1	18	2	74880	48	1
"344"	3	0	3	0	5	1	59	0	16	5	7605	-1	2
"345"	1	1	0	0	5	2	51	0	16	3	21060	40	2
"346"	1	0	2	2	5	1	37	0	19	0	8775	-1	2
"347"	1	0	1	1	3	1	50	3	20	3	0	-1	2
"348"	4	4	3	0	3	2	40	2	15	0	9945	-1	3
"350"	2	1	1	0	3	1	52	2	12	0	25740	-1	2
"351"	2	3	0	1	1	2	52	5	14	1	2106	20	1
"352"	2	1	1	0	1	2	36	1	18	0	0	-1	1
"354"	2	2	1	0	1	1	56	4	12	0	21060	-1	2
"355"	2	1	0	2	1	2	64	1	13	0	0	-1	1
"356"	3	2	0	1	1	2	62	3	19	4	5265	40	2
"357"	2	1	0	2	1	2	35	2	16	2	12870	20	2
"358"	2	0	1	2	5	1	60	0	16	3	38610	-1	2
"360"	1	2	1	0	2	2	62	2	13	0	164382.03756	-1	1
"361"	2	1	0	2	1	1	30	1	16	2	31590	60	2
"362"	2	0	2	2	5	1	27	1	12	3	21060	-1	2
"363"	2	1	1	0	1	1	79	4	16	0	21060	-1	2
"364"	3	2	0	2	1	2	60	3	12	3	25740	32	2
"365"	3	2	1	0	1	1	51	5	18	0	74880	-1	1
"366"	2	0	2	2	3	2	42	1	12	2	21060	-1	3
"367"	3	3	1	0	1	1	59	1	9	0	0	-1	2
"368"	2	0	2	2	1	1	49	0	15	0	6435	-1	2
"369"	2	2	1	0	1	2	53	2	13	0	0	-1	1
"373"	2	3	0	0	1	1	64	0	12	1	0	16	1
"374"	2	2	1	0	1	2	80	2	18	0	0	-1	2
"375"	4	0	9	0	1	2	61	4	14	8	0	-1	2
"376"	2	0	2	1	1	2	34	0	16	0	12870	-1	2
"379"	1	2	0	2	1	1	99	7	13	3	164382.03756	65	2
"380"	2	0	1	0	1	2	68	3	18	0	12870	-1	2
"381"	2	0	1	0	1	1	89	1	20	1	936	-1	2
"383"	1	2	2	0	3	1	64	3	12	0	0	-1	2
"384"	2	2	0	1	5	2	40	2	13	5	15210	40	2
"385"	3	0	1	1	5	2	27	0	18	0	0	-1	2
"386"	2	4	1	0	1	2	56	1	16	0	11115	-1	2
"387"	2	2	0	0	1	2	71	2	16	2	0	20	2
"388"	1	0	2	0	5	2	29	0	16	2	17550	-1	2
"389"	2	2	0	2	1	2	74	2	16	0	0	-1	1
"390"	1	0	1	1	5	2	30	0	18	0	0	-1	2
"391"	1	2	0	0	2	2	65	5	16	0	12870	-1	1
"393"	1	2	0	2	1	1	38	2	20	2	31590	40	2
"395"	2	1	0	2	5	1	25	0	16	2	15210	-1	1
"396"	1	1	2	0	5	2	25	0	18	0	0	-1	2
"399"	2	0	2	2	1	2	34	0	16	0	25740	-1	1
"400"	1	2	2	0	5	1	36	0	16	0	0	-1	2
"401"	2	1	0	0	1	1	59	3	11	2	38610	40	2
"402"	2	0	2	1	1	2	49	2	13	0	11115	-1	1
"403"	2	1	0	2	1	2	45	5	14	3	38610	40	2
"404"	3	0	1	0	5	1	34	1	12	4	17550	-1	2
"405"	2	2	1	0	1	1	44	3	16	0	164382.03756	-1	2
"407"	3	0	1	2	1	2	53	3	12	0	0	-1	3
"408"	1	0	1	0	3	2	59	0	20	2	46800	-1	1
"410"	1	3	2	0	5	1	44	0	18	0	21060	-1	3
"411"	1	0	1	2	5	1	68	0	19	3	0	-1	2
"412"	2	1	0	9	1	1	37	2	20	5	17550	40	2
"413"	2	0	1	1	1	1	37	1	15	2	65520	-1	2
"415"	1	2	2	0	3	2	34	2	12	0	11115	-1	2
"416"	1	2	0	0	1	1	25	2	12	2	21060	48	2
"417"	1	2	2	0	3	2	44	4	13	0	8775	-1	2
"418"	2	3	0	0	1	2	63	3	10	0	0	-1	1
"419"	2	0	2	0	5	1	26	0	12	0	0	-1	2
"420"	1	3	2	0	3	2	64	3	14	0	0	-1	3
"421"	3	0	1	1	5	1	21	0	13	2	15210	-1	2
"422"	2	1	2	0	1	2	31	2	10	0	9945	-1	1
"423"	3	0	2	0	1	2	27	2	12	0	3510	-1	2
"424"	3	1	0	2	1	2	53	2	20	1	46800	30	1
"426"	2	1	0	0	1	2	53	1	16	0	234	-1	2
"427"	2	2	1	0	1	1	59	2	18	0	56160	-1	2
"428"	2	2	1	0	1	1	47	2	18	0	164382.03756	-1	2
"429"	3	0	2	1	5	1	27	0	10	0	0	-1	2
"432"	2	0	2	1	5	2	24	1	12	0	234	-1	2
"434"	2	1	0	2	1	1	44	1	6	1	31590	40	1
"435"	1	1	0	1	5	1	29	0	13	1	21060	40	2
"436"	2	0	1	2	5	2	57	0	16	0	31590	-1	2
"437"	2	2	1	0	1	1	61	3	13	0	0	-1	1
"438"	1	2	1	0	3	1	66	3	14	0	0	-1	2
"439"	1	0	2	0	5	2	48	3	11	0	0	-1	1
"440"	1	1	2	0	5	1	26	0	16	0	5265	-1	2
"441"	2	1	0	1	5	2	29	0	16	4	38610	40	1
"442"	2	0	2	2	3	1	48	0	16	3	0	-1	2
"443"	2	1	0	1	5	1	30	0	20	4	0	-1	1
"444"	2	3	0	2	1	1	56	2	12	2	12870	40	2
"445"	4	2	1	0	5	1	28	0	12	0	9945	-1	2
"446"	2	0	1	2	1	2	99	0	14	2	0	-1	1
"447"	1	4	1	0	3	1	65	1	12	0	0	-1	2
"448"	2	0	1	2	1	1	43	3	12	0	21060	-1	1
"449"	2	1	1	0	1	1	49	2	16	0	164382.03756	-1	1
"450"	3	0	1	2	5	2	19	0	12	3	3510	-1	2
"451"	2	3	2	0	1	2	30	0	14	0	0	-1	2
"454"	3	0	1	2	5	1	40	0	12	0	936	-1	3
"455"	1	2	1	0	5	1	65	3	17	0	0	-1	2
"457"	2	2	1	0	1	2	34	1	17	0	164382.03756	-1	1
"459"	1	0	1	1	3	2	48	2	18	0	164382.03756	-1	2
"460"	2	2	1	0	1	1	81	5	12	0	0	-1	1
"461"	3	1	0	1	1	2	58	1	20	3	164382.03756	35	2
"462"	2	0	1	2	3	2	64	1	18	2	0	-1	2
"463"	2	1	0	2	5	2	37	0	20	2	164382.03756	50	2
"464"	2	0	1	2	1	1	66	1	16	0	0	-1	2
"465"	1	1	0	2	5	1	31	0	19	3	25740	35	1
"466"	3	0	3	2	1	1	64	2	16	2	21060	-1	1
"469"	4	0	1	1	1	2	29	0	16	0	12870	-1	2
"470"	2	2	1	0	1	1	59	2	16	0	164382.03756	-1	2
"471"	2	1	0	2	1	2	59	4	18	3	38610	50	2
"472"	2	0	1	2	1	1	71	2	16	1	56160	-1	2
"473"	1	0	2	2	1	1	36	1	18	0	56160	-1	3
"474"	2	2	2	0	5	1	29	0	13	0	21060	-1	2
"475"	2	2	0	1	1	1	28	0	16	2	25740	40	1
"477"	1	4	2	0	2	2	71	5	9	0	0	-1	2
"478"	2	0	2	1	5	1	24	0	16	0	17550	-1	2
"480"	1	2	0	1	3	2	34	0	19	3	3510	40	2
"482"	3	1	0	2	5	1	27	0	16	3	21060	40	2
"483"	3	2	0	1	5	2	26	0	16	2	4212	45	1
"485"	2	0	1	2	1	2	61	0	14	0	38610	-1	2
"487"	2	0	1	0	1	1	84	2	14	0	0	-1	3
"488"	1	2	1	0	5	1	73	0	20	0	46800	-1	2
"489"	3	2	0	2	1	1	37	1	12	1	46800	80	2
"490"	1	3	0	2	2	2	82	2	14	0	0	-1	2
"492"	2	0	1	9	1	2	72	2	10	9	0	-1	3
"494"	2	2	0	2	5	1	32	0	20	0	8775	-1	3
"496"	3	2	2	0	3	1	50	3	12	0	0	-1	1
"497"	2	1	1	0	1	1	34	0	13	0	38610	-1	1
"498"	1	0	2	2	3	2	42	3	12	1	25740	-1	2
"499"	2	2	0	2	1	2	58	2	12	2	8775	18	1
"500"	1	0	2	2	3	2	33	3	12	3	4212	-1	2
"501"	2	3	2	0	5	2	58	2	13	0	15210	-1	2
"504"	5	3	0	0	5	2	32	0	12	5	5265	-1	2
"505"	5	2	1	0	5	1	20	0	12	0	11115	-1	1
"506"	3	0	1	0	5	1	19	0	12	2	0	-1	1
"507"	3	1	0	0	1	2	54	1	16	3	25740	45	2
"508"	4	0	1	1	5	2	21	0	15	0	0	-1	3
"510"	2	3	0	2	3	2	42	2	16	3	38610	40	2
"512"	2	1	1	0	1	2	68	2	18	0	0	-1	1
"515"	2	2	0	2	5	1	51	0	13	3	31590	48	2
"516"	2	0	1	2	1	1	69	2	12	1	31590	-1	2
"517"	2	1	1	0	1	2	34	0	19	0	0	-1	1
"518"	3	2	0	1	5	1	24	0	15	6	2106	999	3
"519"	2	2	1	0	1	2	45	0	17	0	0	-1	2
"520"	2	0	2	2	5	2	34	3	10	0	0	-1	3
"521"	2	4	1	0	1	1	58	1	13	0	46800	-1	2
"522"	9	1	1	0	1	2	47	3	20	0	31590	-1	1
"523"	2	2	1	0	1	1	50	2	18	0	164382.03756	-1	1
"524"	2	2	1	0	1	2	33	2	16	0	164382.03756	-1	2
"525"	2	0	1	0	1	1	85	4	17	0	0	-1	2
"526"	1	0	2	2	3	2	45	1	16	2	164382.03756	-1	1
"527"	2	1	2	0	5	2	23	0	14	0	6435	-1	2
"528"	2	3	0	2	1	1	33	0	18	3	164382.03756	50	2
"530"	2	1	2	0	3	2	52	2	16	0	31590	-1	2
"531"	1	0	3	0	2	2	78	2	14	0	0	-1	1
"533"	2	0	2	2	1	2	62	1	16	0	0	-1	2
"535"	4	0	2	0	4	1	76	8	16	0	0	-1	3
"536"	1	3	1	0	5	2	76	0	17	0	0	-1	2
"538"	3	2	0	0	1	2	31	5	12	0	0	-1	2
"539"	1	2	1	0	2	2	87	0	12	0	0	-1	2
"540"	1	0	1	2	5	1	28	0	11	0	12870	-1	2
"542"	3	2	0	1	1	2	58	2	18	3	0	42	2
"545"	2	2	0	2	5	2	27	0	20	5	0	35	3
"546"	1	0	1	0	2	2	57	2	16	0	0	-1	2
"547"	1	3	0	1	5	2	32	3	13	1	21060	40	2
"548"	4	1	1	0	5	1	24	0	12	0	0	-1	2
"549"	1	0	2	0	4	2	81	2	6	0	0	-1	3
"550"	4	1	0	1	5	2	19	0	12	1	0	30	3
"551"	6	0	2	1	3	2	44	3	12	3	12870	-1	3
"552"	3	2	0	2	5	1	41	2	7	0	0	-1	3
"553"	2	0	2	0	1	1	67	2	12	0	0	-1	3
"555"	1	2	0	2	5	1	33	0	16	3	65520	40	2
"556"	2	3	3	0	1	1	48	1	10	0	31590	-1	2
"557"	1	2	2	0	4	2	47	1	12	0	0	-1	2
"558"	1	2	1	0	2	2	72	2	15	0	0	-1	3
"559"	2	1	0	2	1	2	60	0	19	2	31590	30	2
"560"	1	0	2	0	2	2	89	2	8	0	0	-1	2
"561"	3	2	0	0	1	2	45	4	6	0	0	-1	2
"562"	1	3	0	0	2	2	70	2	20	0	0	-1	3
"563"	2	1	1	0	1	2	79	4	12	0	0	-1	1
"564"	2	2	0	0	5	2	37	4	14	6	17550	999	3
"566"	3	3	1	0	1	2	57	6	12	0	0	-1	2
"567"	2	1	0	0	4	2	55	2	15	2	15210	40	1
"568"	3	2	2	0	3	1	28	1	14	0	9945	-1	1
"569"	1	0	1	2	3	1	58	0	13	3	31590	-1	2
"570"	3	3	0	2	1	2	64	4	9	3	5265	30	2
"571"	3	0	1	2	3	1	32	0	16	5	7605	-1	3
"572"	3	2	1	0	1	1	63	1	16	0	12870	-1	1
"573"	3	2	1	0	3	2	47	2	16	0	25740	-1	2
"575"	2	3	0	1	4	1	38	2	14	3	0	-1	3
"576"	2	0	1	2	1	2	63	2	16	0	0	-1	2
"578"	2	4	0	0	2	2	74	3	12	0	0	-1	3
"579"	1	0	2	0	2	2	66	6	12	0	0	-1	1
"580"	1	1	2	0	3	1	34	2	16	0	25740	-1	1
"581"	3	3	0	0	1	1	42	0	12	1	12870	23	2
"583"	2	1	2	0	2	2	46	3	12	0	15210	-1	2
"584"	2	2	0	0	3	1	51	6	14	0	0	-1	3
"585"	4	0	1	2	5	2	20	0	12	0	0	-1	2
"586"	2	3	0	0	5	2	54	0	7	0	2574	-1	2
"587"	1	0	2	0	5	1	55	1	12	0	0	-1	2
"588"	2	0	2	0	5	1	58	2	14	0	12870	-1	3
"589"	3	3	1	0	1	1	53	0	12	0	0	-1	3
"590"	1	1	1	0	3	1	36	1	17	0	46800	-1	2
"591"	1	3	1	0	2	1	76	3	15	0	0	-1	1
"592"	2	2	0	1	1	2	33	3	14	4	7605	20	2
"593"	1	2	1	0	3	2	69	3	20	0	0	-1	2
"594"	2	3	2	0	5	1	32	0	13	0	56160	-1	1
"595"	4	3	0	1	1	2	48	2	13	0	0	-1	2
"596"	1	1	0	1	2	2	72	4	20	0	0	-1	2
"597"	1	0	1	2	2	2	66	1	14	0	0	-1	1
"598"	1	2	1	0	2	2	85	1	12	0	0	-1	2
"599"	1	1	1	0	3	2	68	2	13	0	25740	-1	1
"600"	5	0	1	0	1	1	53	2	20	3	74880	-1	2
"601"	1	2	0	0	2	2	75	3	14	0	0	-1	2
"603"	2	2	1	0	1	1	52	3	12	0	65520	-1	2
"604"	1	2	0	0	2	2	80	4	12	0	0	-1	3
"605"	2	2	0	0	1	1	67	2	13	0	0	-1	1
"606"	3	0	1	2	5	2	21	1	13	0	2574	-1	1
"607"	1	2	2	0	5	2	31	4	13	0	11115	-1	2
"608"	2	0	1	0	3	1	69	2	14	0	0	-1	2
"609"	2	3	1	0	1	2	47	2	20	0	25740	-1	2
"610"	2	0	2	2	5	1	34	0	16	2	56160	-1	2
"611"	2	1	2	0	1	2	33	4	12	0	0	-1	1
"613"	1	3	0	2	5	2	47	1	12	3	3042	27	2
"614"	1	4	0	2	1	1	57	1	12	2	38610	-1	3
"615"	2	2	0	2	1	2	58	0	18	2	164382.03756	999	1
"616"	2	2	1	0	1	2	55	3	14	0	0	-1	1
"618"	2	2	1	0	3	2	62	0	20	0	46800	-1	2
"619"	2	2	0	1	1	2	26	1	14	3	6435	30	2
"620"	2	0	1	2	1	2	31	1	16	0	25740	-1	2
"621"	2	0	1	2	1	1	44	9	12	4	0	-1	2
"623"	2	4	1	0	1	2	73	1	10	0	0	-1	3
"624"	2	2	0	0	2	2	57	2	12	3	11115	40	2
"625"	2	0	1	0	1	2	57	1	16	0	31590	-1	1
"626"	2	2	0	2	1	2	48	1	16	0	0	-1	2
"627"	3	2	1	0	1	2	58	3	16	0	3510	-1	2
"628"	2	0	1	2	1	2	36	4	16	3	0	-1	2
"630"	3	2	0	2	1	1	55	1	16	4	0	999	3
"632"	3	1	0	2	1	2	54	3	16	2	25740	20	2
"633"	2	0	1	0	1	1	60	2	16	0	164382.03756	-1	2
"634"	2	1	1	0	1	2	52	2	14	0	25740	-1	1
"635"	3	2	1	0	2	2	80	8	14	0	0	-1	1
"636"	2	0	1	2	1	1	58	1	16	0	74880	-1	2
"638"	2	1	1	0	1	2	49	3	17	0	38610	-1	2
"639"	4	3	0	1	1	1	75	2	16	1	6435	16	1
"641"	2	2	0	2	1	2	51	3	18	3	8775	25	2
"642"	2	0	1	2	1	2	57	2	16	0	25740	-1	1
"644"	2	3	2	0	1	2	29	2	16	0	0	-1	3
"645"	1	4	0	2	5	2	44	0	9	0	0	-1	2
"646"	2	0	1	0	5	2	49	0	12	0	0	-1	3
"647"	2	0	1	2	1	2	52	3	19	0	38610	-1	2
"648"	2	1	1	0	1	1	54	2	19	0	164382.03756	-1	1
"649"	2	1	0	1	1	2	48	4	15	0	0	-1	2
"650"	2	0	1	2	1	2	34	1	16	2	46800	-1	2
"651"	1	0	2	0	1	2	44	2	16	1	0	-1	1
"652"	1	1	2	0	5	1	33	0	19	0	3510	-1	2
"653"	2	4	2	0	5	2	31	0	13	0	0	-1	3
"655"	1	0	2	0	3	2	77	3	11	0	0	-1	1
"656"	1	1	2	0	2	2	78	0	13	0	0	-1	2
"657"	1	1	0	0	5	1	47	0	12	2	0	16	2
"658"	1	1	0	0	5	1	58	3	12	0	0	-1	1
"659"	5	0	1	1	1	1	52	3	15	0	7605	-1	2
"662"	1	3	0	1	5	1	23	0	13	0	0	-1	3
"664"	2	2	0	2	1	2	79	1	16	0	0	-1	2
"665"	2	2	1	0	1	2	61	3	12	0	15210	-1	1
"666"	2	4	0	2	1	1	40	2	13	5	31590	40	1
"667"	2	0	2	1	5	2	27	2	12	0	0	-1	2
"669"	1	3	0	0	5	1	27	0	12	2	15210	40	3
"671"	2	3	2	0	1	2	74	4	12	0	0	-1	2
"672"	1	2	1	0	3	2	57	3	12	0	21060	-1	1
"673"	2	3	0	2	5	2	27	1	14	6	7605	21	2
"675"	2	4	2	0	5	2	33	1	11	0	936	-1	2
"676"	2	2	0	2	1	1	39	1	18	3	46800	45	1
"677"	2	0	2	2	5	1	27	0	16	1	11115	-1	2
"678"	1	2	2	0	5	1	34	0	18	0	2574	-1	2
"679"	2	2	0	2	5	1	28	3	15	2	38610	48	2
"680"	1	0	1	2	5	1	50	0	16	3	31590	-1	2
"681"	2	1	0	2	1	1	30	4	14	3	21060	40	1
"682"	3	2	0	2	3	2	68	1	12	0	0	-1	2
"683"	2	0	1	0	1	2	70	2	3	0	0	-1	1
"684"	2	4	1	0	3	1	55	3	10	0	0	-1	3
"685"	2	2	1	0	3	1	59	3	12	0	31590	-1	3
"686"	2	3	0	0	4	2	60	3	13	3	11115	40	3
"687"	2	0	2	0	5	2	19	0	12	0	0	-1	1
"688"	5	1	3	0	5	1	19	0	10	0	0	-1	1
"689"	3	2	0	2	1	2	48	0	14	2	11115	35	3
"690"	3	2	0	0	1	1	27	0	12	3	25740	40	2
"691"	2	3	1	0	1	2	33	3	12	0	0	-1	2
"692"	2	0	1	0	2	1	79	4	9	0	0	-1	2
"693"	3	2	2	0	4	1	56	3	11	0	9945	-1	1
"694"	3	2	1	0	1	1	53	3	9	0	12870	-1	3
"695"	3	3	0	0	5	1	32	5	12	0	3042	4	2
"697"	2	0	1	2	1	1	42	3	7	2	46800	-1	2
"698"	1	0	2	2	5	2	28	0	12	0	7605	-1	3
"699"	3	3	2	0	4	2	22	1	5	0	2106	-1	3
"700"	2	2	0	1	1	1	40	2	13	2	21060	40	2
"701"	2	0	1	2	5	1	44	1	11	2	0	-1	3
"703"	2	1	2	0	1	2	35	0	16	0	0	-1	2
"704"	2	3	1	0	1	2	64	2	12	0	0	-1	2
"705"	1	0	2	2	3	2	40	3	16	0	25740	-1	2
"706"	1	0	2	2	3	2	36	2	19	3	3042	-1	2
"709"	2	3	1	0	4	1	36	3	12	0	25740	-1	1
"710"	4	0	1	0	4	2	44	6	6	0	8775	-1	3
"711"	3	2	0	0	1	1	37	1	12	3	2574	16	2
"712"	4	0	2	0	3	2	50	1	18	3	936	-1	3
"713"	2	2	2	0	1	2	25	0	16	0	9945	-1	1
"714"	1	2	0	0	4	1	44	3	0	2	9945	40	1
"715"	2	0	2	1	1	2	22	1	12	0	0	-1	2
"716"	2	2	2	0	4	2	40	3	6	0	17550	-1	3
"717"	2	2	0	0	1	2	28	3	12	0	0	-1	2
"718"	2	0	2	2	1	2	40	3	12	0	0	-1	2
"719"	2	2	2	0	1	2	59	0	14	0	21060	-1	2
"720"	1	0	2	0	3	2	37	0	12	0	0	-1	2
"721"	2	2	2	0	5	1	26	0	17	0	0	-1	1
"723"	2	1	1	0	5	2	69	0	12	0	7605	-1	1
"724"	3	3	0	0	5	2	53	1	12	2	2574	10	3
"725"	2	1	1	0	3	1	52	6	12	0	0	-1	1
"726"	1	0	2	0	3	1	42	0	14	4	17550	-1	1
"727"	2	2	0	0	1	2	60	5	6	1	936	10	1
"728"	2	1	0	2	3	1	60	2	16	2	65520	40	2
"729"	1	2	1	0	3	2	59	2	16	0	38610	-1	2
"731"	4	0	2	1	5	2	30	0	13	1	234	-1	3
"733"	2	2	0	1	5	2	40	4	14	1	3042	-1	3
"734"	2	0	1	1	1	1	33	1	15	0	2106	-1	2
"737"	2	0	1	2	1	2	52	0	16	0	31590	-1	1
"738"	2	2	0	0	2	2	99	0	20	0	0	-1	2
"739"	2	2	1	0	1	2	77	3	13	0	0	-1	1
"740"	2	2	0	2	1	2	56	0	16	2	15210	40	1
"742"	2	2	2	0	3	2	48	2	13	0	31590	-1	2
"743"	1	4	0	2	3	1	61	1	12	0	0	-1	2
"745"	3	2	2	0	1	2	36	2	6	0	0	-1	1
"746"	1	1	0	2	5	2	28	0	15	3	5265	30	3
"748"	1	3	0	1	5	2	29	0	15	3	11115	40	2
"749"	1	0	2	2	3	1	69	1	18	0	38610	-1	2
"750"	2	0	1	1	5	1	35	0	16	3	12870	-1	2
"751"	2	2	0	0	3	2	38	1	14	2	5265	40	2
"752"	2	0	1	1	5	2	31	1	14	2	21060	-1	2
"755"	3	0	2	2	2	2	31	2	10	0	7605	-1	2
"756"	2	2	3	0	4	2	67	3	11	0	0	-1	1
"757"	3	1	0	2	1	2	48	2	16	2	31590	998	2
"759"	2	2	0	2	5	1	42	6	12	2	21060	65	1
"760"	2	1	1	0	1	2	65	1	14	0	8775	-1	1
"761"	2	0	2	2	3	2	44	3	11	0	0	-1	2
"762"	1	2	1	0	2	2	77	2	13	0	0	-1	3
"763"	4	2	1	0	1	2	62	3	14	0	56160	-1	2
"764"	4	3	0	0	3	1	51	2	8	2	5265	40	2
"765"	5	0	1	2	5	2	21	0	12	0	0	-1	3
"766"	2	1	0	1	3	2	28	1	12	2	17550	40	1
"767"	3	0	1	1	5	2	20	0	13	0	0	-1	1
"768"	3	0	1	1	5	2	19	0	12	0	234	-1	3
"769"	4	3	0	2	1	2	53	3	12	3	0	40	2
"770"	2	3	1	0	1	2	40	2	15	0	12870	-1	2
"772"	2	3	0	0	3	1	65	3	13	0	0	-1	3
"773"	4	2	1	0	3	2	51	2	13	0	8775	-1	2
"774"	3	2	1	0	1	1	60	2	14	0	46800	-1	2
"775"	1	2	0	2	3	1	57	3	12	3	8775	21	2
"776"	2	0	2	2	3	2	70	4	13	0	0	-1	3
"777"	3	2	0	2	1	2	53	3	12	0	0	-1	1
"778"	3	0	2	1	5	2	37	2	16	0	3042	-1	2
"779"	1	3	1	0	5	1	56	1	12	0	15210	-1	1
"780"	2	0	2	0	3	2	59	2	12	0	0	-1	2
"781"	2	1	0	2	5	2	21	0	13	0	0	-1	2
"782"	2	0	1	0	5	1	59	0	11	2	21060	-1	2
"783"	1	0	1	0	2	1	66	3	13	0	0	-1	1
"784"	1	0	2	2	1	1	56	4	17	2	12870	-1	1
"785"	2	0	1	0	1	2	56	3	12	2	15210	-1	2
"786"	2	1	2	0	5	2	24	1	14	0	5265	-1	2
"787"	2	1	0	0	2	2	87	3	12	2	0	-1	1
"788"	2	1	1	0	5	2	22	0	13	0	0	-1	2
"789"	2	2	0	0	3	1	51	5	12	4	12870	70	3
"790"	2	0	1	1	1	2	56	1	12	3	15210	-1	2
"791"	4	3	2	0	1	2	47	4	18	0	0	-1	2
"792"	3	0	2	1	5	1	18	0	11	0	0	-1	3
"793"	4	0	1	1	5	2	26	2	8	0	2574	-1	2
"794"	2	1	0	2	5	2	27	0	14	0	936	-1	3
"795"	4	1	1	0	5	1	20	0	14	0	0	-1	1
"796"	2	0	1	0	3	2	33	3	12	0	15210	-1	2
"797"	2	1	0	1	5	2	31	2	12	1	7605	40	1
"799"	1	3	1	0	5	2	51	0	17	0	0	-1	2
"800"	2	3	1	0	1	2	87	3	16	0	0	-1	2
"801"	1	1	0	1	3	2	54	2	16	2	0	45	2
"803"	2	0	2	1	5	1	25	0	14	0	0	-1	2
"805"	3	2	1	0	1	1	65	2	16	0	0	-1	2
"806"	2	3	1	0	1	1	75	4	12	0	0	-1	1
"807"	2	2	1	0	1	1	46	0	16	0	74880	-1	2
"808"	1	0	1	2	3	1	51	0	12	0	0	-1	2
"809"	3	1	1	0	1	1	53	0	19	0	65520	-1	2
"811"	3	0	1	1	5	2	18	0	12	0	936	-1	2
"813"	1	1	0	1	3	2	56	3	16	1	0	40	1
"814"	2	0	1	2	1	1	34	2	16	0	38610	-1	1
"815"	1	3	0	0	5	2	58	4	16	0	0	-1	2
"816"	1	0	1	0	5	1	59	2	12	3	15210	-1	2
"817"	1	2	1	0	2	2	69	1	16	0	0	-1	2
"818"	1	2	1	0	2	2	67	6	12	0	0	-1	3
"819"	1	4	0	0	5	2	54	0	16	0	0	-1	3
"820"	3	2	1	0	1	1	53	3	14	0	25740	-1	1
"821"	1	3	0	1	4	2	47	2	14	2	6435	70	2
"823"	1	3	0	0	2	2	63	1	5	0	0	-1	3
"824"	1	2	0	1	5	2	32	2	18	2	21060	45	3
"825"	2	0	1	2	1	2	28	0	16	0	25740	-1	2
"826"	2	2	0	2	1	2	23	1	13	0	6435	-1	2
"827"	1	0	1	0	5	2	53	0	16	5	31590	-1	3
"828"	1	9	2	0	4	2	39	1	11	0	2106	-1	3
"829"	1	2	0	1	5	2	38	4	14	3	21060	40	3
"830"	2	3	2	0	1	1	51	2	12	0	17550	-1	2
"832"	2	1	0	2	1	1	54	1	20	3	74880	45	1
"834"	1	2	0	2	2	1	58	0	16	3	164382.03756	50	3
"836"	2	1	1	0	1	2	33	2	18	0	31590	-1	1
"837"	2	1	0	2	2	2	66	3	16	0	0	-1	1
"838"	1	2	0	2	5	1	27	1	12	3	12870	60	2
"839"	1	0	1	0	4	1	54	3	14	2	7605	-1	2
"840"	1	2	1	0	3	1	53	1	12	0	46800	-1	2
"841"	2	2	0	2	1	1	54	0	18	1	9945	40	2
"842"	1	0	2	0	3	2	51	4	12	3	3042	-1	2
"844"	1	0	1	2	3	2	67	0	12	0	3510	-1	2
"845"	1	2	1	0	5	2	65	1	12	0	0	-1	3
"848"	2	3	0	2	5	1	28	1	12	3	0	40	2
"849"	1	0	2	2	5	2	34	0	16	5	21060	-1	2
"850"	1	1	2	0	5	2	27	0	16	0	4212	-1	2
"852"	3	0	1	1	5	1	26	0	16	0	21060	-1	3
"853"	2	2	1	0	2	2	74	5	12	0	0	-1	2
"854"	2	1	0	0	5	2	44	0	12	1	234	15	1
"857"	1	2	2	0	3	2	72	2	12	0	0	-1	2
"859"	1	3	2	0	5	1	35	2	18	0	17550	-1	1
"860"	2	3	0	2	1	1	56	0	13	2	0	40	1
"861"	3	0	2	2	5	2	20	0	13	0	0	-1	2
"862"	2	3	2	0	2	1	75	0	12	0	0	-1	2
"863"	2	2	0	2	1	2	43	2	16	2	65520	50	1
"864"	3	0	1	1	5	2	28	0	16	0	2574	-1	2
"865"	1	2	1	0	3	1	68	4	14	0	0	-1	2
"866"	1	2	0	0	3	2	61	0	16	3	21060	35	2
"867"	1	2	2	0	5	2	46	0	15	0	15210	-1	3
"868"	1	1	0	2	5	1	53	0	18	3	31590	40	2
"869"	1	0	1	9	2	2	79	4	13	0	0	-1	3
"870"	3	2	0	1	1	2	35	0	16	2	17550	45	2
"871"	1	0	1	2	3	2	70	3	18	0	0	-1	2
"872"	1	0	2	2	3	2	59	3	12	0	0	-1	3
"873"	1	0	0	0	5	1	54	9	99	0	0	-1	9
"874"	1	3	0	2	5	1	47	3	9	0	0	-1	2
"876"	1	0	2	0	3	2	65	1	15	0	0	-1	2
"877"	2	3	0	0	1	2	81	2	13	0	0	-1	3
"878"	2	0	2	2	1	1	74	6	19	0	0	-1	2
"879"	2	2	1	0	1	2	77	4	17	0	0	-1	1
"880"	3	0	1	0	5	1	22	0	13	0	12870	-1	2
"881"	3	2	1	0	1	1	54	2	17	0	7605	-1	2
"882"	2	0	1	2	1	2	48	2	16	1	12870	-1	1
"883"	1	2	2	0	5	1	43	0	16	0	46800	-1	2
"884"	2	2	0	1	5	2	27	0	15	5	12870	45	2
"885"	2	3	1	0	1	2	30	0	16	0	164382.03756	-1	1
"886"	4	2	0	2	1	1	52	3	20	2	164382.03756	40	2
"887"	3	2	1	0	1	2	55	1	14	0	3042	-1	2
"888"	2	2	0	2	1	1	40	2	16	3	164382.03756	45	2
"889"	1	0	1	2	2	1	51	3	15	5	17550	-1	3
"890"	2	3	2	0	5	2	21	0	14	0	4212	-1	3
"891"	2	0	2	1	5	1	29	0	12	0	9945	-1	1
"892"	1	0	2	0	2	2	83	7	12	0	0	-1	2
"893"	1	2	2	0	2	2	81	5	15	0	0	-1	2
"896"	1	2	2	0	3	2	78	2	12	0	0	-1	3
"897"	2	0	1	0	3	1	80	2	12	0	0	-1	1
"898"	2	0	1	2	1	2	60	2	14	0	0	-1	2
"899"	2	0	2	2	5	1	24	0	14	2	8775	-1	2
"902"	1	0	2	0	2	2	89	1	8	0	0	-1	2
"903"	2	2	2	0	5	1	23	1	13	0	17550	-1	2
"904"	4	3	0	2	5	2	22	0	13	3	0	32	2
"905"	2	0	1	2	1	1	31	3	13	0	21060	-1	1
"907"	1	2	1	0	2	2	87	3	11	0	0	-1	2
"909"	1	2	0	2	5	1	35	0	12	2	31590	45	2
"910"	1	0	1	0	2	2	76	5	9	0	0	-1	2
"911"	2	4	0	2	2	2	44	5	10	0	0	-1	2
"913"	2	1	1	0	5	2	19	0	13	0	936	-1	1
"914"	1	0	1	2	1	2	39	2	17	0	0	-1	2
"915"	2	0	2	2	1	2	58	3	20	0	0	-1	2
"916"	2	2	0	0	3	2	42	6	12	2	17550	60	2
"917"	2	0	1	0	3	2	71	3	12	0	0	-1	1
"918"	2	2	0	2	1	2	43	5	13	1	0	40	2
"919"	2	2	0	1	5	2	30	1	14	0	15210	-1	1
"920"	2	1	1	0	1	2	51	2	18	0	21060	-1	1
"921"	1	2	0	2	3	2	39	1	12	2	38610	45	3
"922"	2	0	2	1	1	2	27	2	12	0	0	-1	2
"923"	2	2	1	0	1	1	66	4	17	0	0	-1	2
"924"	2	0	1	2	1	1	60	3	16	3	56160	-1	1
"926"	2	2	2	0	1	1	30	1	12	0	15210	-1	2
"929"	2	1	2	0	1	2	35	3	13	0	1638	-1	1
"930"	2	0	1	2	1	1	44	0	20	1	46800	-1	1
"931"	3	2	0	0	1	2	70	7	12	0	0	-1	2
"932"	4	0	3	1	5	2	20	0	11	0	0	-1	1
"933"	1	2	0	2	5	2	33	5	9	0	0	-1	1
"934"	3	3	2	0	1	1	51	4	12	0	25740	-1	1
"935"	2	4	0	0	1	1	62	3	9	0	0	-1	1
"936"	2	3	2	0	1	2	46	3	13	0	0	-1	2
"937"	2	1	0	0	1	1	47	2	12	2	12870	48	3
"938"	2	2	1	0	1	2	56	0	17	0	25740	-1	1
"939"	2	1	2	0	5	2	27	0	18	0	4212	-1	1
"940"	2	1	2	0	1	2	27	0	17	0	12870	-1	2
"941"	1	1	2	0	3	1	40	2	17	0	25740	-1	2
"943"	3	1	0	2	1	2	63	0	16	0	56160	-1	1
"944"	2	0	2	2	1	2	38	5	16	2	21060	-1	1
"945"	1	3	0	0	5	1	35	2	13	2	936	10	2
"946"	2	3	1	0	5	2	79	5	10	0	0	-1	1
"947"	3	3	0	0	5	1	47	8	12	0	0	-1	1
"948"	1	2	0	2	3	1	43	6	14	2	17550	40	1
"949"	1	2	1	0	3	2	44	0	14	0	0	-1	2
"950"	1	0	1	0	5	2	34	7	8	0	0	-1	1
"951"	2	3	0	0	4	2	43	0	13	2	936	37	1
"953"	2	1	0	2	5	2	44	2	16	1	0	52	3
"954"	1	2	1	0	2	2	54	2	14	0	12870	-1	1
"955"	1	2	0	0	2	2	79	3	12	0	0	-1	2
"956"	1	0	2	0	5	1	59	4	12	0	0	-1	2
"957"	1	4	2	0	5	2	28	1	12	0	7605	-1	3
"959"	1	0	2	0	5	2	63	0	12	0	0	-1	2
"961"	1	2	0	0	5	2	24	1	12	0	0	-1	3
"962"	1	2	3	0	5	1	29	1	12	0	12870	-1	2
"963"	4	0	1	0	1	1	46	3	12	1	21060	-1	1
"964"	1	1	1	0	3	2	73	4	12	0	936	-1	2
"965"	2	3	0	0	1	1	57	3	12	0	15210	-1	2
"966"	3	0	2	0	5	2	20	0	12	0	3042	-1	2
"967"	3	2	1	0	1	1	51	2	16	0	0	-1	2
"968"	2	0	1	0	1	1	43	4	15	1	7605	-1	1
"970"	1	3	2	0	4	1	28	1	14	0	2574	-1	2
"971"	1	1	0	0	5	1	25	0	15	0	0	-1	3
"973"	2	3	2	0	4	1	56	3	12	0	0	-1	2
"974"	2	0	1	2	1	1	34	3	19	9	0	-1	3
"975"	2	1	3	0	5	1	27	0	13	0	1638	-1	3
"976"	1	2	0	2	3	2	59	1	14	1	25740	48	2
"977"	2	0	1	2	1	2	25	2	12	0	0	-1	2
"978"	1	2	2	0	3	1	56	3	16	0	2106	-1	1
"979"	2	2	1	0	1	2	61	2	12	0	0	-1	1
"980"	4	2	1	0	1	2	56	2	12	0	12870	-1	1
"981"	2	0	1	0	4	2	46	1	14	2	7605	-1	1
"982"	4	1	0	1	1	2	35	2	19	1	0	40	1
"986"	3	1	0	2	5	1	25	0	13	0	11115	-1	2
"987"	3	2	0	1	3	2	59	3	16	2	6435	40	3
"988"	2	3	0	2	1	1	73	1	14	0	0	-1	1
"989"	3	1	1	0	4	1	60	2	12	0	21060	-1	1
"990"	2	0	2	0	1	1	66	2	12	0	0	-1	2
"991"	4	3	0	0	1	1	84	8	6	0	0	-1	1
"992"	2	2	2	0	4	2	57	3	11	0	5265	-1	2
"993"	2	0	1	0	2	1	68	3	12	0	0	-1	2
"994"	3	3	1	0	5	2	35	0	12	0	17550	-1	2
"995"	2	2	0	1	1	2	28	0	16	0	0	-1	2
"996"	2	0	1	1	1	2	35	1	17	0	0	-1	2
"997"	1	1	1	0	5	2	42	0	17	0	65520	-1	1
"999"	2	3	0	0	1	1	69	5	8	2	25740	40	1
"1000"	1	2	2	0	3	1	68	3	12	0	0	-1	2
"1001"	2	2	0	1	5	1	44	0	14	2	17550	40	1
"1002"	2	2	1	0	1	1	67	2	16	0	0	-1	2
"1004"	2	2	1	0	1	2	45	3	20	0	31590	-1	2
"1005"	1	0	1	2	3	1	62	0	16	0	0	-1	3
"1006"	1	2	1	0	2	2	68	2	18	0	0	-1	2
"1007"	2	2	0	2	1	2	34	1	17	2	25740	36	1
"1008"	1	0	1	2	3	2	32	1	19	5	25740	-1	2
"1009"	2	1	2	0	5	2	24	0	11	0	15210	-1	1
"1010"	1	0	2	2	1	2	31	2	20	0	21060	-1	2
"1011"	1	1	1	0	5	2	32	1	16	0	21060	-1	1
"1012"	2	3	0	1	5	1	22	0	12	3	8775	35	2
"1014"	2	0	1	0	1	2	34	0	16	0	7605	-1	2
"1015"	2	3	0	2	1	2	35	2	12	0	234	-1	3
"1016"	1	0	2	2	2	2	60	3	15	1	21060	-1	1
"1017"	1	1	2	0	5	2	64	0	12	0	31590	-1	2
"1019"	2	0	2	2	5	1	30	1	10	0	9945	-1	3
"1020"	1	2	0	2	1	1	63	4	18	3	31590	55	2
"1021"	2	0	1	2	1	1	46	2	17	2	0	-1	2
"1023"	2	3	2	0	1	1	32	1	14	0	936	-1	2
"1025"	2	0	2	2	1	2	57	2	19	2	38610	-1	1
"1026"	2	3	2	0	5	1	40	0	18	0	31590	-1	3
"1028"	2	2	1	0	1	2	64	2	16	0	15210	-1	2
"1029"	3	0	2	1	5	2	50	0	16	7	0	-1	3
"1030"	2	1	0	2	1	1	41	1	20	2	46800	45	1
"1031"	2	0	1	2	3	1	58	2	20	0	4212	-1	1
"1032"	2	0	1	2	1	2	71	4	13	0	0	-1	2
"1033"	2	0	1	1	1	2	58	2	18	0	56160	-1	2
"1034"	3	2	1	0	1	1	55	5	16	0	38610	-1	2
"1035"	3	2	0	0	1	2	65	2	17	2	31590	38	1
"1036"	2	0	1	1	1	1	27	2	17	0	74880	-1	1
"1037"	1	2	0	1	3	1	43	2	19	5	6435	25	2
"1038"	3	0	2	2	5	2	29	0	16	2	7605	-1	1
"1040"	2	3	1	0	1	2	67	3	20	0	0	-1	2
"1041"	4	0	1	2	5	1	21	0	13	3	0	-1	2
"1042"	1	1	1	0	3	1	69	2	12	0	15210	-1	3
"1043"	2	0	1	2	1	2	62	0	16	0	0	-1	1
"1045"	2	2	1	0	1	2	43	1	16	0	38610	-1	1
"1048"	2	0	1	2	1	1	40	2	19	2	46800	-1	2
"1050"	2	2	0	1	1	2	25	0	16	2	21060	50	1
"1051"	2	1	0	0	1	2	77	2	12	0	0	-1	2
"1053"	1	0	1	0	3	1	70	1	15	0	9945	-1	3
"1054"	1	1	0	2	2	2	70	0	13	0	0	-1	3
"1056"	1	1	0	0	5	1	59	1	16	2	9945	40	2
"1057"	2	0	1	2	1	2	61	3	16	6	21060	-1	2
"1058"	2	2	1	0	1	1	68	0	14	0	0	-1	2
"1059"	1	2	0	1	5	1	29	0	12	3	21060	40	2
"1063"	2	3	0	0	1	1	47	8	12	0	0	-1	3
"1064"	2	2	0	2	1	1	35	1	14	3	9945	-1	2
"1065"	1	0	2	0	5	1	54	0	12	1	21060	-1	2
"1066"	1	3	2	0	5	1	54	2	9	0	0	-1	3
"1069"	1	3	2	0	3	2	61	1	14	0	15210	-1	2
"1070"	2	2	0	2	5	1	26	0	13	2	17550	40	2
"1071"	2	2	1	0	1	2	60	0	12	0	21060	-1	1
"1072"	1	0	2	0	3	2	60	2	9	0	0	-1	2
"1073"	2	1	2	0	5	1	25	0	16	0	5265	-1	2
"1074"	2	1	0	0	1	1	56	4	16	2	25740	50	2
"1075"	1	3	0	0	1	1	57	3	12	0	0	-1	3
"1076"	2	0	2	0	1	1	49	3	11	0	0	-1	1
"1078"	1	0	2	0	4	1	53	8	11	0	15210	-1	2
"1079"	1	2	2	0	5	2	22	2	13	0	0	-1	2
"1080"	3	2	2	0	5	1	29	1	14	0	21060	-1	2
"1081"	2	0	1	2	1	2	50	2	13	0	21060	-1	2
"1083"	1	1	2	0	3	1	56	0	16	0	0	-1	2
"1084"	2	1	0	0	1	1	82	6	12	0	0	-1	2
"1085"	2	3	2	0	5	1	39	1	9	0	0	-1	3
"1088"	2	2	2	0	5	1	22	0	13	0	0	-1	2
"1089"	1	2	0	2	3	2	52	2	18	3	11115	40	2
"1091"	2	1	0	1	1	2	38	3	11	5	12870	40	2
"1092"	3	2	1	0	5	2	39	6	12	0	25740	-1	2
"1093"	2	0	2	2	5	1	38	0	11	0	3042	-1	1
"1094"	2	0	1	2	1	2	62	4	12	0	0	-1	1
"1095"	5	3	0	0	1	2	43	4	14	2	17550	43	2
"1096"	2	0	2	0	3	2	53	1	12	3	17550	-1	2
"1097"	3	2	0	2	5	1	39	0	12	3	25740	50	3
"1098"	2	0	2	2	5	2	23	0	15	0	6435	-1	1
"1099"	1	1	1	0	5	2	69	0	19	0	0	-1	1
"1100"	3	2	0	0	3	2	56	2	12	2	11115	40	1
"1101"	2	0	1	2	1	1	77	2	20	0	0	-1	1
"1102"	1	2	1	0	2	1	77	6	12	0	0	-1	2
"1104"	3	2	0	2	1	2	39	3	13	2	17550	40	1
"1105"	1	2	0	0	2	2	83	5	8	0	0	-1	2
"1106"	4	0	1	2	1	1	65	1	12	1	21060	-1	2
"1107"	1	4	1	0	5	1	27	0	12	0	46800	-1	2
"1108"	1	0	2	2	3	1	59	6	13	0	0	-1	2
"1109"	2	1	0	2	1	2	63	0	16	0	21060	-1	1
"1110"	2	0	1	0	3	1	50	2	15	0	0	-1	2
"1111"	3	3	1	0	1	1	72	0	12	0	0	-1	3
"1112"	2	3	0	1	1	2	42	1	14	0	0	-1	2
"1113"	3	1	0	2	1	2	52	2	18	5	25740	10	2
"1114"	2	2	0	2	1	1	75	2	13	3	0	-1	2
"1116"	1	0	1	2	2	2	69	1	16	2	1638	-1	2
"1117"	2	2	1	0	1	2	62	1	16	0	46800	-1	2
"1118"	2	1	0	2	1	1	42	2	18	4	46800	40	2
"1119"	1	0	1	2	3	2	82	0	15	0	0	-1	1
"1120"	2	0	1	0	1	2	74	3	13	0	0	-1	1
"1121"	1	3	2	0	2	2	83	3	15	0	0	-1	2
"1122"	2	2	1	0	1	1	76	3	14	0	46800	-1	1
"1123"	2	2	0	1	1	2	52	1	20	2	65520	50	1
"1124"	3	0	1	1	5	1	23	0	17	2	8775	-1	2
"1125"	4	2	1	0	5	1	19	0	12	0	2574	-1	1
"1128"	1	0	1	0	3	2	53	4	9	0	11115	-1	2
"1129"	2	1	0	0	9	1	51	6	99	1	0	999	2
"1130"	2	2	2	0	1	1	28	0	16	0	25740	-1	1
"1131"	2	3	0	1	5	1	31	0	14	2	46800	80	1
"1132"	2	1	1	0	3	1	43	2	13	0	46800	-1	2
"1133"	2	3	2	0	1	1	89	0	14	0	0	-1	3
"1134"	1	2	0	2	3	1	56	3	10	2	38610	50	2
"1135"	3	0	2	1	1	2	19	0	12	5	5265	-1	1
"1137"	2	1	0	2	1	1	38	2	16	3	25740	40	1
"1138"	2	3	1	0	1	2	47	3	16	0	25740	-1	2
"1140"	3	0	1	2	1	1	38	0	12	0	0	-1	2
"1141"	1	1	2	0	5	1	26	0	14	0	0	-1	2
"1142"	3	2	0	0	5	2	23	1	9	0	0	998	1
"1143"	3	0	2	1	2	2	44	2	12	5	7605	-1	3
"1144"	2	2	2	0	4	2	30	3	10	0	0	-1	1
"1145"	2	1	0	2	4	1	99	3	10	3	9945	40	3
"1146"	2	0	1	2	5	1	35	1	12	3	17550	-1	2
"1147"	1	1	0	1	3	2	49	1	17	2	9945	60	2
"1148"	2	0	2	2	1	1	52	0	12	1	11115	-1	1
"1149"	2	0	1	0	1	1	73	2	12	0	0	-1	1
"1150"	2	3	1	0	3	2	52	3	12	0	15210	-1	2
"1151"	4	2	0	2	5	1	22	0	13	2	0	43	2
"1152"	2	0	2	1	5	2	26	0	16	1	0	-1	2
"1153"	1	3	0	0	5	1	42	0	7	0	0	-1	2
"1154"	2	0	2	2	5	2	46	2	13	0	0	-1	2
"1156"	2	0	2	1	5	2	27	0	11	1	0	-1	2
"1157"	1	4	2	0	5	2	33	1	12	0	936	-1	2
"1158"	2	3	0	2	3	2	46	4	12	3	0	45	3
"1159"	2	2	1	0	4	2	54	2	14	0	31590	-1	2
"1160"	6	4	0	0	3	1	47	4	12	0	0	-1	2
"1161"	1	0	1	2	3	1	53	3	12	1	25740	-1	1
"1162"	1	2	1	0	5	1	62	0	16	0	31590	-1	2
"1163"	2	1	0	2	1	1	48	2	12	3	25740	70	1
"1164"	2	0	1	2	1	2	41	2	12	0	12870	-1	2
"1165"	2	1	1	0	1	1	32	2	20	0	0	-1	1
"1166"	3	2	0	2	1	1	31	3	12	6	21060	-1	3
"1167"	2	0	1	1	1	1	40	3	15	1	21060	-1	1
"1168"	1	2	0	2	5	2	37	0	16	2	21060	40	2
"1169"	2	0	1	1	1	2	40	2	16	0	17550	-1	1
"1170"	2	2	1	0	1	1	36	5	16	0	38610	-1	1
"1171"	5	2	0	0	1	1	47	3	7	2	0	45	1
"1172"	2	1	0	1	1	2	37	2	19	2	46800	45	2
"1173"	3	3	1	0	2	1	89	2	11	0	0	-1	2
"1174"	3	4	0	2	1	2	71	2	16	0	0	-1	2
"1175"	4	1	2	0	5	2	21	0	13	0	9945	-1	2
"1176"	1	0	1	0	2	2	80	2	16	0	0	-1	3
"1177"	1	3	1	0	5	2	67	0	17	0	6435	-1	2
"1178"	2	2	2	0	1	1	34	1	11	0	25740	-1	2
"1179"	1	1	0	2	5	1	65	0	14	0	0	-1	2
"1180"	2	2	1	0	1	2	68	2	12	0	0	-1	2
"1181"	3	1	0	0	5	2	38	7	6	0	0	-1	2
"1182"	2	0	1	2	1	2	67	1	13	0	0	-1	2
"1183"	2	0	1	2	1	2	59	0	15	0	0	-1	2
"1184"	3	3	0	0	1	2	52	2	12	0	0	-1	2
"1185"	1	1	0	1	5	2	49	0	18	0	0	-1	2
"1186"	2	2	1	0	1	1	63	6	6	0	4212	-1	1
"1187"	2	2	0	2	5	1	26	1	15	3	0	32	2
"1188"	1	2	0	2	2	2	70	1	15	0	0	-1	3
"1189"	2	2	2	0	5	2	21	0	15	0	9945	-1	2
"1191"	2	0	2	2	1	1	51	2	12	2	2574	-1	3
"1192"	3	3	0	1	1	1	39	0	15	6	31590	40	2
"1193"	2	0	2	2	5	1	35	1	15	7	31590	-1	2
"1194"	1	2	2	0	3	1	29	0	12	0	46800	-1	2
"1195"	1	3	0	2	3	1	45	1	12	2	31590	60	2
"1196"	2	3	0	2	1	1	41	2	20	2	31590	50	2
"1198"	5	2	0	1	5	1	23	0	16	4	3510	25	3
"1199"	1	2	2	0	5	2	31	0	11	0	7605	-1	3
"1200"	2	2	0	1	1	1	47	2	16	2	0	40	2
"1201"	2	3	0	2	1	2	45	2	16	2	0	18	2
"1202"	2	3	0	2	1	2	58	2	16	0	0	-1	3
"1203"	1	0	2	2	5	1	26	0	14	2	15210	-1	2
"1204"	1	1	0	2	3	1	66	2	17	0	0	-1	2
"1206"	1	4	2	0	3	1	41	2	7	0	0	-1	2
"1207"	2	1	0	1	1	2	44	3	18	5	936	6	2
"1208"	2	0	1	2	1	1	66	0	12	0	38610	-1	1
"1209"	1	2	1	0	3	1	57	1	12	0	21060	-1	2
"1211"	2	0	1	2	5	2	27	0	14	0	15210	-1	2
"1212"	2	0	1	0	5	1	43	2	12	3	0	-1	2
"1213"	1	2	0	2	5	1	64	0	14	0	0	-1	3
"1214"	2	0	2	0	1	2	44	1	12	0	11115	-1	3
"1216"	3	0	2	2	5	2	24	0	11	1	3042	-1	2
"1217"	2	3	1	0	2	2	72	3	12	0	0	-1	3
"1218"	1	0	2	2	5	1	22	0	14	2	0	-1	2
"1219"	4	1	1	0	1	2	57	2	19	0	38610	-1	2
"1220"	2	1	1	0	1	2	63	3	12	0	15210	-1	2
"1222"	1	0	1	0	3	1	56	1	16	0	0	-1	2
"1223"	2	0	1	0	2	1	87	6	16	0	0	-1	3
"1224"	2	2	1	0	1	2	53	2	14	0	17550	-1	2
"1225"	4	0	1	1	1	1	36	3	20	0	65520	-1	1
"1226"	3	2	0	2	1	2	52	3	12	0	0	30	1
"1229"	3	0	3	2	5	1	24	0	12	0	15210	-1	3
"1231"	3	0	1	1	5	2	21	0	14	3	3510	-1	2
"1232"	1	3	0	0	5	1	48	0	9	0	0	-1	2
"1234"	2	2	0	2	1	2	59	2	12	2	8775	32	1
"1238"	2	0	1	2	5	1	40	3	16	3	31590	-1	3
"1240"	2	1	1	0	1	1	45	3	16	0	0	-1	1
"1241"	2	1	0	2	1	2	48	2	16	0	0	-1	1
"1242"	3	0	2	2	5	1	23	0	12	2	0	-1	2
"1244"	1	2	2	0	1	1	33	0	16	0	25740	-1	2
"1245"	1	2	0	1	5	2	48	1	16	3	25740	38	2
"1246"	2	2	0	1	1	2	36	2	16	3	46800	40	2
"1247"	3	0	1	1	5	1	19	0	13	2	3042	-1	1
"1248"	2	2	0	0	1	1	49	2	12	4	17550	60	1
"1250"	2	0	1	1	1	2	44	2	16	0	936	-1	2
"1251"	2	0	2	1	1	2	29	1	17	4	31590	-1	2
"1252"	2	2	1	0	1	2	28	3	19	0	0	-1	2
"1253"	3	0	1	2	5	2	42	0	18	2	12870	-1	2
"1254"	3	2	0	0	1	1	60	6	10	1	11115	40	1
"1257"	2	3	1	0	1	1	54	0	16	0	0	-1	2
"1258"	2	0	1	2	1	1	30	1	12	1	31590	-1	1
"1260"	2	9	0	0	1	2	60	2	12	0	0	-1	9
"1261"	2	4	1	0	1	2	55	2	12	0	0	-1	3
"1262"	2	2	0	2	4	1	63	1	14	3	11115	40	1
"1264"	1	2	0	0	2	2	68	2	12	2	11115	16	3
"1266"	2	3	0	0	1	1	77	2	16	0	0	-1	3
"1267"	2	0	1	1	1	2	25	4	16	0	2574	-1	1
"1268"	1	2	0	1	5	1	26	0	12	3	8775	40	3
"1269"	1	0	2	2	3	2	49	1	12	3	12870	-1	2
"1270"	1	4	0	1	3	2	46	5	11	2	15210	65	3
"1271"	1	3	2	0	2	2	77	4	8	0	0	-1	3
"1272"	2	0	1	1	1	2	30	0	20	1	5265	-1	1
"1273"	1	2	0	1	3	1	54	2	16	1	31590	70	2
"1274"	1	0	1	2	5	1	29	3	8	0	0	-1	2
"1275"	1	4	1	0	5	1	52	0	13	0	0	-1	1
"1277"	2	3	2	0	1	2	21	4	8	0	0	-1	2
"1278"	2	2	0	1	1	2	42	5	14	0	0	-1	2
"1279"	2	0	2	0	1	2	37	2	12	3	5265	-1	2
"1280"	8	4	2	0	3	2	49	3	12	0	0	-1	3
"1281"	3	2	0	1	1	2	56	4	12	2	12870	38	2
"1282"	1	0	2	2	4	2	30	2	14	0	9945	-1	2
"1283"	1	2	2	0	5	1	67	0	12	0	0	-1	2
"1284"	1	2	0	1	5	2	23	0	16	2	0	50	2
"1285"	1	0	2	2	5	1	31	0	20	0	12870	-1	2
"1286"	2	0	1	2	1	1	55	1	12	0	12870	-1	2
"1287"	4	2	0	1	1	2	24	0	12	2	12870	40	2
"1289"	2	0	2	0	5	2	62	1	6	2	21060	-1	2
"1290"	1	2	1	0	5	2	62	1	13	0	0	-1	2
"1291"	1	0	1	9	5	1	23	1	16	0	6435	-1	2
"1292"	3	2	1	0	1	1	50	1	13	0	56160	-1	2
"1293"	2	1	0	0	5	1	54	0	14	2	0	998	3
"1294"	1	2	2	0	5	2	58	4	11	0	12870	-1	3
"1295"	2	2	0	2	5	2	34	1	12	0	2574	-1	2
"1296"	1	0	2	2	5	2	37	2	13	0	12870	-1	2
"1297"	1	2	2	0	5	2	29	2	13	0	0	-1	2
"1299"	2	0	1	1	1	2	39	2	16	1	0	-1	2
"1300"	2	2	1	0	1	2	70	1	16	0	0	-1	1
"1301"	2	2	0	2	3	2	73	2	14	2	5265	25	3
"1302"	3	0	1	1	5	2	31	0	19	0	11115	-1	2
"1303"	2	1	0	2	1	2	25	1	12	1	2574	16	2
"1304"	1	3	0	0	3	1	62	1	13	0	0	-1	3
"1305"	1	3	0	0	3	1	66	7	14	0	0	-1	1
"1306"	1	2	0	0	3	2	65	7	9	1	17550	44	1
"1307"	1	3	2	0	5	1	58	2	14	0	936	-1	2
"1308"	1	4	0	2	3	2	65	4	6	0	0	-1	3
"1309"	2	0	2	0	2	1	57	0	12	0	0	-1	1
"1310"	2	1	2	0	1	1	57	5	9	0	1638	-1	1
"1314"	2	3	1	0	1	1	58	4	14	0	0	-1	2
"1315"	2	0	1	0	1	1	77	4	9	0	0	-1	1
"1316"	2	2	0	2	5	2	39	0	12	2	25740	43	1
"1317"	1	2	0	2	3	1	67	0	16	0	0	-1	2
"1318"	2	0	1	0	1	1	70	2	12	0	0	-1	1
"1320"	1	2	0	2	5	2	69	0	16	0	0	-1	3
"1321"	1	0	1	0	2	2	87	4	12	0	0	-1	1
"1322"	2	1	1	0	1	2	66	0	12	0	21060	-1	1
"1323"	2	1	0	2	1	1	31	0	16	2	0	45	1
"1324"	2	2	1	0	1	2	63	2	17	0	31590	-1	1
"1325"	2	3	0	0	1	2	78	3	12	0	0	-1	1
"1326"	2	2	1	0	1	1	68	2	16	0	0	-1	2
"1328"	2	0	1	1	1	1	30	1	16	0	46800	-1	2
"1329"	2	2	2	0	4	2	32	2	16	0	15210	-1	2
"1330"	1	2	0	2	3	1	39	2	18	0	65520	-1	2
"1331"	2	0	1	2	1	1	42	0	18	2	46800	-1	1
"1332"	2	2	0	2	4	2	48	3	19	2	25740	40	1
"1333"	1	0	1	1	5	2	34	0	18	0	31590	-1	2
"1334"	1	1	0	2	3	1	68	3	14	1	12870	20	3
"1335"	1	3	0	2	5	1	52	0	16	0	15210	10	2
"1336"	1	2	1	0	2	2	83	4	19	0	0	-1	3
"1337"	1	4	0	0	5	1	73	0	20	0	0	-1	2
"1339"	4	3	1	0	2	2	77	2	10	0	0	-1	2
"1340"	1	0	1	1	5	1	36	3	12	3	25740	-1	2
"1341"	2	2	1	0	1	1	36	2	12	0	15210	-1	2
"1342"	2	2	0	2	1	1	65	2	13	2	12870	30	1
"1343"	1	0	1	1	5	1	24	0	12	0	0	-1	2
"1344"	1	2	1	0	2	1	63	1	16	0	0	-1	3
"1345"	1	0	1	2	3	2	53	3	14	0	0	-1	2
"1346"	2	2	1	0	1	2	35	1	16	0	7605	-1	2
"1348"	2	0	1	2	1	1	76	5	12	0	0	-1	2
"1349"	2	2	0	2	1	1	48	3	16	2	38610	45	1
"1350"	1	2	0	2	3	1	27	0	17	3	31590	40	3
"1351"	2	0	1	0	1	2	72	3	12	0	0	-1	2
"1352"	2	3	0	2	1	1	34	2	10	0	0	-1	3
"1353"	2	0	2	1	1	2	38	9	99	0	0	-1	2
"1354"	4	0	2	1	3	2	30	2	15	5	25740	-1	2
"1356"	1	2	1	0	3	1	43	1	12	0	17550	-1	2
"1357"	1	1	1	0	2	2	80	3	15	0	0	-1	3
"1358"	2	2	0	0	1	1	80	7	14	0	0	-1	1
"1359"	3	2	0	0	5	1	22	0	12	0	15210	-1	1
"1361"	2	2	0	1	1	2	49	7	9	0	0	-1	2
"1362"	2	2	1	0	1	1	41	2	16	0	25740	-1	2
"1363"	1	0	2	2	3	1	57	1	9	1	5265	-1	1
"1364"	3	1	1	0	1	1	49	3	13	0	21060	-1	1
"1365"	4	4	0	0	3	2	40	0	8	0	0	-1	2
"1366"	1	0	1	0	3	2	66	4	12	0	0	-1	2
"1368"	1	3	0	0	2	2	87	3	12	0	0	-1	3
"1369"	1	0	2	2	3	1	59	2	17	0	0	-1	2
"1372"	2	0	2	1	1	1	30	1	12	6	0	-1	3
"1373"	1	3	2	0	5	2	26	0	17	0	12870	-1	2
"1374"	3	1	0	2	5	1	20	0	14	0	0	-1	3
"1375"	4	0	1	1	5	1	20	0	13	0	234	-1	2
"1376"	2	1	2	0	5	1	23	0	16	0	0	-1	1
"1377"	6	4	0	1	5	2	25	0	16	3	0	36	1
"1378"	2	0	1	2	5	1	20	0	13	0	0	-1	2
"1379"	2	2	0	1	4	1	31	0	17	2	3042	30	2
"1380"	1	0	2	2	5	2	26	0	16	0	0	-1	1
"1381"	4	3	1	0	5	2	19	0	13	0	0	-1	2
"1382"	3	1	0	1	5	1	30	0	14	0	0	-1	2
"1385"	2	2	0	1	1	1	53	1	16	1	56160	80	1
"1386"	2	0	1	1	5	2	19	0	13	0	936	-1	1
"1388"	3	2	1	0	1	2	52	2	12	0	21060	-1	2
"1389"	2	3	0	2	1	1	47	1	12	2	17550	70	1
"1390"	1	0	1	0	5	1	38	2	7	0	0	-1	3
"1391"	2	2	0	0	1	2	54	2	12	1	21060	50	2
"1392"	2	0	1	0	1	2	47	2	14	0	0	-1	2
"1393"	2	2	0	0	1	2	67	3	18	0	0	-1	1
"1394"	1	2	1	0	5	1	57	0	20	0	2574	-1	2
"1395"	1	1	0	2	2	1	89	3	13	0	31590	-1	2
"1396"	1	0	2	2	3	2	51	1	15	0	0	-1	3
"1397"	2	4	2	0	1	2	32	0	13	0	0	-1	1
"1398"	1	4	0	1	5	2	22	0	13	2	0	20	3
"1399"	1	0	2	2	5	1	42	2	12	0	0	-1	3
"1400"	2	2	2	0	3	2	37	3	11	0	0	-1	2
"1401"	3	2	2	0	1	1	54	2	16	0	4212	-1	2
"1402"	1	2	0	1	5	2	24	0	15	1	0	39	3
"1403"	2	2	2	0	3	2	25	2	14	0	936	-1	1
"1404"	1	2	0	1	5	2	44	1	12	0	234	-1	3
"1405"	1	3	2	0	5	1	25	0	14	0	7605	-1	2
"1406"	3	4	0	2	1	1	24	2	15	1	46800	80	2
"1407"	1	4	0	2	3	2	78	2	12	0	0	-1	3
"1408"	3	0	2	1	5	2	23	0	12	0	1638	-1	3
"1409"	2	2	0	2	1	1	38	1	6	2	11115	50	1
"1410"	2	2	1	0	1	1	57	5	8	0	25740	-1	1
"1412"	1	0	2	2	3	1	69	4	12	0	0	-1	1
"1413"	1	4	2	0	3	2	77	2	9	0	0	-1	3
"1414"	2	2	1	0	1	2	85	4	12	0	0	-1	2
"1415"	4	0	1	0	5	1	25	0	13	0	0	-1	2
"1416"	1	1	1	0	2	1	62	3	14	0	0	-1	2
"1417"	2	3	0	0	1	2	84	2	12	0	0	-1	2
"1418"	2	2	1	0	1	2	71	4	11	0	0	-1	3
"1419"	2	0	1	0	1	2	54	3	16	0	31590	-1	2
"1421"	2	0	1	1	1	1	37	2	19	2	46800	-1	1
"1422"	2	4	0	2	1	1	80	2	14	0	0	-1	2
"1423"	1	0	2	2	5	1	74	0	8	0	0	-1	2
"1424"	2	2	0	1	1	2	37	2	12	3	21060	36	2
"1426"	1	2	1	0	3	2	62	0	12	0	0	-1	2
"1427"	1	3	0	0	3	1	74	0	12	0	0	-1	2
"1428"	1	0	1	0	2	2	83	2	16	0	0	-1	2
"1432"	2	1	2	0	5	1	31	0	14	0	15210	-1	2
"1433"	2	2	0	1	1	1	36	3	18	3	31590	40	2
"1434"	2	3	1	0	2	1	83	4	9	0	25740	-1	3
"1435"	2	4	0	2	5	1	58	0	1	2	31590	40	2
"1436"	2	3	2	0	5	1	29	0	13	0	15210	-1	2
"1437"	2	2	0	0	1	1	50	3	12	3	31590	40	2
"1439"	2	0	1	2	1	1	43	2	16	2	21060	-1	1
"1440"	3	0	1	2	1	1	54	2	18	0	56160	-1	2
"1441"	1	2	0	2	2	1	72	7	17	0	0	-1	3
"1442"	2	1	0	2	1	2	31	1	16	3	17550	60	1
"1444"	3	1	0	2	5	2	36	0	18	3	15210	35	2
"1445"	1	0	1	0	3	1	72	1	13	0	0	-1	1
"1446"	1	2	1	0	5	2	56	0	12	0	38610	-1	2
"1447"	1	2	0	1	1	2	29	2	14	2	6435	25	2
"1448"	2	2	2	0	2	2	83	8	16	0	0	-1	2
"1449"	2	2	0	2	1	2	80	4	17	0	0	-1	1
"1450"	1	3	0	2	3	1	61	5	12	0	2574	-1	3
"1451"	2	0	2	0	1	1	53	3	12	2	46800	-1	2
"1452"	2	0	1	2	1	2	61	0	16	0	0	-1	2
"1453"	3	1	0	2	1	2	52	3	14	2	7605	50	2
"1454"	2	0	2	0	1	1	37	5	13	3	21060	-1	1
"1455"	2	2	2	0	5	2	24	0	12	0	17550	-1	2
"1456"	1	0	1	2	4	2	50	2	17	0	0	-1	3
"1457"	2	2	1	0	1	2	28	1	12	0	11115	-1	2
"1459"	2	0	1	2	1	1	36	7	12	2	8775	-1	2
"1460"	1	0	2	1	5	1	24	0	16	0	0	-1	2
"1461"	2	2	2	0	3	2	63	3	13	0	7605	-1	1
"1462"	1	0	2	2	5	1	22	0	15	3	4212	-1	2
"1463"	3	2	0	1	5	1	20	0	13	2	2106	30	2
"1464"	1	0	2	2	5	2	31	1	11	0	936	-1	3
"1465"	1	2	0	2	5	2	31	1	12	2	9945	40	2
"1466"	1	3	0	0	3	1	74	3	14	0	0	-1	2
"1469"	2	0	2	1	5	1	22	0	14	0	8775	-1	2
"1470"	2	2	2	0	1	2	63	6	14	0	8775	-1	2
"1471"	2	2	1	0	3	1	46	3	12	0	25740	-1	2
"1472"	1	2	1	0	2	2	83	3	20	0	0	-1	1
"1473"	2	0	1	1	1	2	38	4	16	0	0	-1	1
"1474"	2	2	1	0	1	1	80	5	14	0	0	-1	2
"1475"	2	3	0	1	1	2	58	2	13	0	0	-1	2
"1476"	2	3	1	0	1	2	52	0	12	0	6435	-1	2
"1477"	2	2	1	0	1	2	31	2	12	0	15210	-1	1
"1478"	2	1	0	1	1	1	34	4	15	3	21060	50	1
"1479"	2	0	1	1	1	2	31	1	12	0	0	-1	2
"1480"	2	0	1	2	1	1	63	2	13	5	0	-1	2
"1481"	1	3	1	0	5	2	57	0	16	0	31590	-1	2
"1483"	2	2	1	0	1	1	60	2	9	0	21060	-1	1
"1484"	2	2	0	2	1	2	67	2	11	0	6435	35	2
"1486"	2	4	0	2	3	1	50	4	20	2	17550	30	3
"1488"	4	4	2	0	1	2	23	1	12	0	0	-1	3
"1489"	2	1	0	2	1	1	59	5	12	2	15210	40	2
"1490"	2	2	0	2	1	2	38	2	19	2	25740	40	1
"1491"	1	0	2	1	5	2	32	0	16	3	31590	-1	1
"1492"	1	1	2	0	5	1	32	0	14	0	25740	-1	2
"1493"	1	3	1	0	5	1	48	0	14	0	21060	-1	3
"1494"	2	2	0	2	1	2	64	0	13	3	12870	40	2
"1495"	1	0	1	2	5	2	30	0	16	2	31590	-1	2
"1496"	1	2	2	0	5	2	25	1	15	0	3042	-1	2
"1497"	2	2	0	2	3	2	48	4	12	3	0	38	3
"1498"	2	0	2	0	1	2	29	2	6	0	0	-1	2
"1500"	1	2	0	2	5	1	44	0	14	3	25740	52	1
"1501"	1	0	2	1	3	2	55	2	18	0	56160	-1	1
"1502"	1	1	0	1	5	1	25	0	16	1	21060	50	1
"1503"	3	2	1	0	1	1	59	2	17	0	56160	-1	2
"1505"	4	3	1	0	1	2	53	1	17	0	8775	-1	2
"1506"	1	3	0	2	5	1	46	0	12	3	0	50	2
"1507"	2	2	0	2	1	2	86	3	12	0	0	-1	1
"1510"	1	1	0	2	3	2	50	3	16	2	25740	40	1
"1511"	1	1	0	0	2	2	79	5	16	0	0	-1	1
"1512"	6	0	1	2	5	1	29	0	16	4	11115	-1	2
"1514"	1	3	0	0	5	1	61	0	16	0	0	-1	3
"1515"	3	0	2	1	5	2	23	0	12	0	0	-1	3
"1516"	4	1	1	0	5	2	21	0	14	0	12870	-1	1
"1517"	2	1	0	1	1	2	29	1	15	2	9945	-1	1
"1518"	1	0	2	0	2	2	80	3	12	0	0	-1	2
"1519"	2	2	2	0	5	2	25	0	15	0	7605	-1	2
"1520"	2	1	0	0	1	2	71	3	0	0	0	-1	3
"1521"	2	0	1	2	1	2	68	2	13	0	0	-1	1
"1522"	1	4	0	0	5	1	55	0	12	0	0	-1	3
"1523"	2	2	1	0	1	1	47	2	16	0	31590	-1	2
"1524"	1	0	2	2	3	1	64	4	14	0	0	-1	2
"1525"	1	3	2	0	5	2	73	2	8	0	0	-1	3
"1526"	1	2	0	2	3	2	80	2	12	0	0	-1	2
"1527"	1	0	2	2	3	2	57	1	16	0	0	-1	3
"1528"	1	0	1	2	5	2	55	0	16	0	0	-1	3
"1529"	1	2	2	0	3	2	86	6	12	0	234	-1	2
"1530"	2	2	0	2	5	1	47	0	20	1	31590	60	1
"1531"	2	2	2	0	1	1	52	2	18	0	164382.03756	-1	2
"1532"	1	2	0	0	4	2	61	3	14	0	0	-1	2
"1533"	2	0	1	1	3	1	34	0	20	0	9945	-1	2
"1534"	2	0	1	0	1	1	65	0	18	0	0	-1	2
"1536"	1	2	2	0	5	1	53	2	18	0	31590	-1	2
"1537"	1	2	0	2	5	2	64	0	19	7	17550	35	3
"1538"	2	0	1	2	3	1	68	2	16	0	74880	-1	2
"1540"	2	1	0	0	5	1	43	0	13	0	8775	-1	3
"1541"	3	0	1	1	3	2	21	2	11	3	0	-1	3
"1542"	1	1	0	0	2	2	60	2	13	1	8775	25	1
"1543"	1	0	2	1	5	2	46	1	12	0	0	-1	2
"1544"	2	2	2	0	5	1	23	0	15	0	3042	-1	2
"1545"	3	0	2	2	5	1	33	2	8	0	0	-1	3
"1546"	2	4	2	0	3	1	66	2	18	0	1638	-1	1
"1547"	2	2	0	1	3	2	43	3	11	3	4212	20	2
"1548"	1	0	2	1	4	2	40	3	12	0	234	-1	3
"1549"	2	2	0	2	1	2	59	0	16	3	21060	43	1
"1551"	1	0	2	1	4	2	42	4	17	0	0	-1	2
"1552"	2	0	1	2	1	1	54	1	16	3	15210	-1	2
"1554"	2	3	0	2	5	2	36	1	14	3	0	34	3
"1556"	2	2	2	0	5	1	26	1	12	0	3042	-1	2
"1558"	2	0	1	0	1	1	77	3	12	0	0	-1	2
"1559"	2	0	0	9	1	2	63	2	99	9	0	999	9
"1561"	1	3	0	0	5	2	76	0	16	0	0	-1	2
"1562"	1	3	1	0	2	1	68	5	16	0	2574	-1	3
"1563"	1	2	0	0	2	2	89	2	12	0	0	-1	2
"1566"	2	3	0	2	5	2	57	0	14	0	0	-1	2
"1568"	1	2	0	0	2	2	63	1	18	2	38610	40	2
"1569"	2	1	1	0	3	1	75	2	20	0	0	-1	1
"1570"	1	3	0	2	2	2	66	1	19	0	234	25	2
"1571"	2	0	1	2	1	1	53	2	16	3	31590	-1	2
"1573"	2	2	0	2	1	1	57	1	18	2	46800	40	1
"1575"	1	2	1	0	5	2	42	0	18	0	31590	-1	2
"1576"	2	2	0	2	1	1	38	0	16	3	25740	40	2
"1577"	3	3	0	2	1	1	34	4	11	0	0	-1	2
"1578"	1	0	2	0	2	1	72	2	9	0	0	-1	3
"1579"	2	3	0	2	1	2	39	3	10	0	2574	-1	3
"1580"	1	2	2	0	3	2	38	2	10	0	8775	-1	2
"1581"	1	1	1	0	4	1	55	3	12	0	17550	-1	2
"1582"	2	2	1	0	1	1	85	4	18	0	0	-1	2
"1583"	2	2	0	2	5	1	32	0	14	4	6435	20	2
"1584"	3	0	1	2	1	2	42	3	16	0	0	-1	2
"1585"	1	2	1	0	5	1	35	0	13	0	25740	-1	2
"1586"	2	0	2	0	5	2	33	0	9	0	0	-1	3
"1588"	1	1	0	1	5	2	67	0	18	2	7605	18	2
"1589"	1	0	2	1	5	1	28	0	14	0	15210	-1	2
"1591"	2	3	0	2	1	1	57	1	12	0	17550	-1	2
"1592"	2	0	1	2	5	1	51	1	13	0	0	-1	2
"1593"	1	2	1	0	3	2	66	2	16	0	21060	-1	1
"1594"	2	1	0	2	1	1	35	1	14	5	21060	41	2
"1595"	2	2	0	2	1	2	28	1	16	2	0	40	2
"1596"	2	2	0	2	1	2	52	2	20	3	38610	50	2
"1597"	1	2	0	0	2	1	89	2	12	0	0	-1	3
"1598"	1	2	1	0	2	2	69	3	12	0	0	-1	2
"1600"	2	2	1	0	1	1	48	3	13	0	31590	-1	1
"1602"	2	0	1	2	1	2	36	3	13	2	0	-1	2
"1603"	1	2	0	2	3	2	66	2	12	2	15210	40	1
"1604"	2	1	2	0	5	2	31	1	14	0	0	-1	2
"1606"	1	3	0	0	3	2	48	0	14	0	0	-1	3
"1607"	1	0	2	1	3	2	35	3	13	5	5265	-1	2
"1609"	1	4	0	0	5	1	59	3	7	0	0	-1	3
"1610"	2	0	2	2	1	2	35	3	12	0	5265	-1	1
"1611"	1	0	2	1	3	2	52	3	12	5	0	-1	2
"1612"	1	2	0	1	3	1	37	2	14	2	21060	40	2
"1613"	1	2	2	0	5	1	35	0	12	0	0	-1	1
"1614"	2	0	1	2	1	1	61	2	14	5	0	-1	2
"1615"	2	2	0	0	3	2	67	1	12	3	6435	16	2
"1616"	1	0	1	0	2	2	80	3	12	0	0	-1	2
"1617"	2	2	0	1	1	1	30	1	14	1	25740	50	2
"1618"	1	0	1	2	3	2	56	0	17	3	31590	-1	1
"1619"	2	0	2	0	5	1	20	0	14	0	11115	-1	2
"1620"	2	1	0	2	1	2	53	2	16	2	8775	32	2
"1621"	1	0	2	2	5	2	31	0	16	2	0	-1	2
"1622"	1	1	0	0	2	2	51	2	12	1	12870	45	1
"1623"	2	0	1	2	1	2	29	3	10	0	0	-1	1
"1624"	2	2	1	0	1	1	80	3	12	0	0	-1	1
"1625"	1	1	0	2	3	2	67	2	16	2	0	20	2
"1627"	2	2	0	2	1	2	58	5	12	0	0	-1	1
"1628"	3	0	1	1	5	2	19	0	13	0	1638	-1	1
"1629"	3	0	2	0	5	2	19	0	11	4	936	-1	2
"1630"	2	2	1	0	5	1	25	0	12	0	11115	-1	2
"1631"	5	2	1	0	1	2	34	4	12	0	0	-1	2
"1632"	1	1	0	0	3	2	37	5	12	1	38610	40	3
"1633"	2	0	1	0	1	1	78	4	12	0	0	-1	2
"1635"	2	0	1	1	3	2	30	2	14	0	3510	-1	2
"1636"	1	0	2	0	3	2	65	2	8	0	0	-1	2
"1637"	2	0	1	2	3	2	45	1	18	3	21060	-1	2
"1638"	2	2	1	0	5	1	65	0	12	0	0	-1	1
"1639"	1	3	0	0	2	2	68	3	8	0	0	-1	2
"1640"	2	0	1	0	1	1	37	1	12	4	21060	-1	2
"1642"	2	0	1	0	1	1	59	2	11	0	25740	-1	1
"1643"	2	2	1	0	1	1	80	2	16	0	0	-1	1
"1644"	2	2	1	0	5	2	29	1	15	0	17550	-1	1
"1645"	2	0	1	2	1	2	57	2	14	0	7605	-1	2
"1646"	2	0	1	2	1	2	73	3	19	0	0	-1	2
"1647"	2	1	1	0	1	1	75	3	12	0	0	-1	1
"1649"	2	2	1	0	1	2	86	3	13	0	0	-1	2
"1650"	2	1	1	0	1	2	81	2	12	0	0	-1	2
"1651"	2	2	0	2	1	2	69	3	9	1	5265	20	1
"1652"	1	0	2	0	2	2	59	2	12	0	0	-1	3
"1653"	2	2	0	0	1	1	59	3	12	0	0	-1	2
"1654"	3	2	1	0	1	1	68	5	12	0	5265	-1	2
"1656"	1	0	1	0	3	1	62	2	12	0	0	-1	3
"1658"	1	1	0	1	5	2	30	2	14	3	9945	40	3
"1659"	1	0	2	2	3	1	52	2	15	0	0	-1	3
"1660"	2	4	1	0	1	2	50	3	18	0	0	-1	2
"1663"	2	2	1	0	1	2	43	2	13	0	17550	-1	2
"1666"	1	2	0	2	5	1	26	0	13	3	0	72	1
"1667"	2	2	1	0	1	2	50	3	20	0	6435	-1	2
"1668"	1	4	0	2	5	1	23	0	16	0	0	-1	3
"1669"	2	2	0	1	1	1	27	0	18	1	0	60	1
"1670"	3	0	2	1	5	2	21	0	15	0	5265	-1	2
"1671"	1	2	0	2	5	2	23	0	16	5	2574	32	3
"1672"	1	0	2	2	3	2	67	2	16	3	9945	-1	2
"1673"	2	2	2	0	1	2	36	0	16	0	0	-1	3
"1674"	1	2	0	2	5	1	28	0	14	0	0	-1	2
"1675"	2	3	1	0	3	2	39	0	12	0	15210	-1	2
"1676"	1	2	0	2	4	2	47	1	16	4	9945	38	3
"1677"	2	0	1	1	3	2	30	1	13	0	0	-1	2
"1678"	1	1	0	2	5	1	52	1	18	2	31590	80	2
"1679"	3	2	1	0	1	2	60	1	8	0	9945	-1	1
"1680"	1	3	0	2	5	1	66	0	20	0	7605	-1	2
"1682"	2	3	2	0	5	2	31	0	15	0	2574	-1	3
"1683"	2	1	1	0	1	2	68	2	16	0	25740	-1	1
"1686"	1	1	1	0	3	1	81	6	12	0	4212	-1	1
"1687"	3	2	0	2	1	2	56	1	12	2	15210	40	2
"1689"	1	0	1	0	2	2	73	2	13	0	0	-1	2
"1690"	2	3	0	1	5	2	24	0	12	3	0	27	3
"1691"	1	1	2	0	5	2	26	0	16	0	0	-1	2
"1693"	2	3	0	1	5	2	19	0	14	0	0	-1	2
"1694"	3	0	2	0	5	2	31	1	13	0	0	-1	2
"1695"	3	2	1	0	2	2	74	5	11	0	0	-1	2
"1696"	2	0	1	2	3	2	60	2	12	3	31590	-1	2
"1697"	1	3	1	0	2	2	84	2	12	0	0	-1	2
"1698"	3	0	2	1	5	2	33	2	14	0	0	-1	2
"1699"	3	2	0	2	1	2	40	3	11	3	0	40	2
"1700"	3	2	0	0	1	2	59	4	16	1	12870	50	1
"1701"	3	0	2	2	5	1	19	0	11	0	0	-1	1
"1702"	1	2	1	0	3	1	61	2	14	0	0	-1	1
"1703"	2	3	0	2	3	2	48	1	9	3	25740	40	2
"1704"	1	2	2	0	3	2	54	3	15	0	15210	-1	2
"1705"	2	1	0	2	1	2	41	3	18	2	25740	-1	2
"1706"	2	3	1	0	1	1	34	3	16	0	21060	-1	2
"1707"	2	0	1	1	5	2	19	1	13	0	0	-1	2
"1708"	3	4	1	0	3	1	51	2	9	0	0	-1	3
"1709"	2	0	1	2	1	2	32	0	14	0	12870	-1	2
"1710"	2	1	1	0	1	1	64	2	14	0	15210	-1	1
"1711"	2	0	1	2	3	1	41	3	12	3	46800	-1	1
"1712"	1	4	0	0	3	2	80	0	13	0	0	-1	3
"1713"	1	2	2	0	4	2	36	3	12	0	0	-1	2
"1714"	3	0	2	2	5	1	28	0	12	3	15210	-1	1
"1715"	2	2	0	0	1	2	41	2	16	2	1638	40	1
"1716"	2	0	2	2	3	1	46	0	14	0	0	-1	2
"1717"	2	2	2	0	3	2	45	1	16	0	21060	-1	2
"1718"	1	2	0	2	5	2	35	3	14	3	15210	45	2
"1720"	1	4	1	0	2	1	76	1	6	0	0	-1	2
"1721"	1	2	0	0	5	2	26	1	12	3	3510	39	3
"1722"	1	2	2	0	5	2	31	2	12	0	936	-1	3
"1724"	2	3	0	1	5	1	19	0	12	3	936	-1	3
"1725"	3	0	2	1	5	2	18	0	12	2	0	-1	2
"1726"	2	2	0	2	5	2	55	1	14	2	15210	40	2
"1727"	1	3	2	0	3	2	52	2	12	0	0	-1	2
"1728"	2	0	1	0	1	1	59	4	12	0	0	-1	1
"1730"	2	2	0	2	1	2	31	0	14	2	7605	35	1
"1731"	1	0	1	0	5	1	58	0	14	0	0	-1	1
"1733"	2	3	1	0	1	2	83	7	8	0	0	-1	1
"1734"	1	1	0	0	2	2	76	4	15	0	0	-1	2
"1736"	2	0	1	0	1	1	72	2	8	0	21060	-1	2
"1738"	2	0	1	1	5	1	19	0	13	0	0	-1	2
"1739"	2	1	0	0	1	2	69	1	17	0	0	-1	1
"1740"	2	0	1	2	1	2	52	0	16	2	17550	-1	1
"1741"	1	2	0	2	3	2	65	1	12	0	0	-1	2
"1742"	3	0	1	2	1	1	63	0	13	0	5265	-1	2
"1743"	3	3	1	0	1	1	49	2	12	0	9945	-1	2
"1745"	2	0	1	2	1	1	65	4	6	0	11115	-1	2
"1747"	1	0	1	2	2	2	82	3	13	0	0	-1	2
"1748"	1	0	1	2	5	1	49	0	12	3	17550	-1	2
"1749"	2	2	0	1	5	1	33	1	18	4	11115	65	2
"1750"	1	0	1	1	3	1	60	0	14	0	2106	-1	3
"1751"	1	2	1	0	2	2	69	2	14	0	0	-1	1
"1752"	1	2	0	2	4	2	39	6	14	2	4212	40	3
"1753"	1	2	2	0	5	2	37	4	16	0	12870	-1	2
"1754"	1	3	0	1	5	2	44	1	14	0	15210	-1	3
"1755"	1	2	0	2	3	2	36	3	16	2	38610	40	2
"1756"	1	1	0	2	5	1	43	7	14	0	0	-1	2
"1757"	1	1	2	0	3	1	44	0	12	0	2574	-1	1
"1758"	1	2	2	0	5	2	66	0	20	0	1638	-1	2
"1759"	3	4	2	0	4	2	75	1	7	0	0	-1	3
"1760"	1	3	0	2	2	2	73	2	12	0	0	-1	2
"1761"	1	0	2	2	3	1	61	2	8	0	936	-1	3
"1762"	1	0	2	0	5	1	58	1	5	0	0	-1	2
"1763"	1	2	1	0	4	2	37	1	15	0	0	-1	2
"1764"	2	2	0	0	1	1	30	8	14	1	9945	40	1
"1765"	2	0	2	0	3	2	44	2	12	0	0	-1	2
"1767"	2	0	2	2	3	2	57	4	12	0	0	-1	3
"1768"	1	3	0	0	3	1	47	2	12	3	25740	40	3
"1770"	1	2	2	0	1	2	70	1	8	0	0	-1	1
"1771"	1	3	0	2	2	2	69	2	16	0	0	-1	2
"1772"	1	0	2	1	3	2	38	4	14	0	0	-1	2
"1773"	1	2	0	0	5	2	25	0	16	1	0	40	2
"1774"	1	2	1	0	5	2	39	1	16	0	25740	-1	2
"1776"	1	3	2	0	5	1	27	0	14	0	0	-1	2
"1777"	5	2	0	1	5	2	21	0	12	3	6435	40	2
"1778"	1	0	2	2	3	2	59	3	12	0	0	-1	2
"1779"	1	3	2	0	3	2	61	3	16	0	4212	-1	3
"1780"	1	2	0	0	3	2	58	1	12	3	9945	30	3
"1781"	1	3	0	1	5	1	52	0	14	2	21060	60	2
"1782"	1	1	1	0	2	2	61	1	18	0	0	-1	1
"1784"	2	0	1	0	1	1	86	4	17	0	0	-1	2
"1785"	2	4	1	0	1	2	82	3	14	0	0	-1	2
"1786"	1	0	2	2	5	1	32	1	12	0	12870	-1	2
"1787"	2	2	2	0	1	1	50	5	12	0	17550	-1	2
"1788"	2	4	0	2	3	2	55	2	14	0	0	-1	2
"1789"	2	0	2	2	1	1	38	4	12	0	7605	-1	2
"1790"	2	0	2	1	3	2	39	2	13	0	4212	-1	2
"1791"	6	1	0	1	5	1	19	0	13	3	5265	-1	1
"1792"	1	0	2	2	5	2	45	1	15	0	0	-1	2
"1793"	2	0	2	1	5	1	23	2	12	0	7605	-1	2
"1794"	1	2	1	0	5	2	73	0	18	0	0	-1	2
"1795"	2	2	0	2	3	2	50	9	12	0	0	-1	3
"1797"	1	0	2	1	5	2	37	0	12	0	0	-1	3
"1798"	1	2	2	0	5	2	40	0	14	0	21060	-1	1
"1799"	1	2	0	1	5	1	41	0	15	3	21060	40	2
"1801"	2	2	1	0	1	1	57	1	12	0	31590	-1	1
"1802"	2	0	1	2	1	1	37	2	16	2	164382.03756	-1	1
"1803"	2	1	0	0	3	1	86	2	16	0	0	-1	1
"1804"	2	2	0	2	1	2	67	2	18	2	7605	10	2
"1805"	2	0	1	2	1	1	80	3	12	0	0	-1	1
"1806"	2	0	1	2	1	2	49	0	12	0	0	-1	2
"1807"	2	2	0	2	1	1	32	0	16	2	38610	40	2
"1808"	2	0	1	1	1	2	33	0	18	0	38610	-1	1
"1809"	1	3	0	2	3	2	56	2	12	0	0	-1	3
"1810"	1	1	1	0	3	2	61	1	16	0	46800	-1	1
"1811"	1	0	2	0	3	1	80	2	18	0	0	-1	1
"1813"	1	2	0	0	3	1	65	3	14	3	17550	6	2
"1814"	2	0	1	2	1	1	61	2	13	0	38610	-1	2
"1815"	2	2	0	1	1	2	73	2	14	0	0	-1	2
"1816"	2	0	1	1	1	1	57	3	12	1	31590	-1	2
"1817"	2	2	1	0	1	2	71	2	12	0	0	-1	1
"1818"	1	0	1	0	3	2	58	2	12	0	7605	-1	2
"1819"	1	1	0	0	2	1	78	3	12	0	12870	-1	1
"1820"	2	2	1	0	2	1	74	2	20	0	0	-1	1
"1821"	1	1	0	1	3	2	52	1	16	0	0	-1	2
"1822"	2	0	1	2	1	1	56	4	12	1	17550	-1	2
"1823"	1	3	3	0	5	2	48	0	14	0	0	-1	3
"1824"	2	1	0	0	1	1	61	1	12	0	0	-1	1
"1825"	2	2	0	2	5	1	50	0	16	2	21060	40	1
"1826"	1	0	2	1	5	1	25	0	16	2	25740	-1	2
"1827"	1	1	2	0	5	2	36	3	16	0	21060	-1	2
"1828"	2	3	0	1	5	2	45	4	15	3	7605	-1	3
"1830"	2	1	0	1	3	1	28	2	12	4	0	40	1
"1831"	1	2	1	0	2	2	89	1	12	0	0	-1	2
"1832"	2	0	1	2	1	1	89	6	13	0	9945	-1	2
"1833"	2	3	0	0	1	2	62	3	12	0	0	-1	2
"1834"	2	0	2	0	1	2	52	2	11	0	1638	-1	3
"1835"	2	3	1	0	1	1	43	4	9	0	15210	-1	3
"1836"	3	1	1	0	3	2	74	5	16	0	0	-1	2
"1838"	2	2	0	1	1	2	37	1	16	3	25740	40	2
"1839"	2	0	2	2	1	1	45	3	14	3	12870	-1	2
"1840"	5	2	1	0	1	2	36	4	12	0	7605	-1	2
"1841"	1	2	1	0	3	2	77	2	12	0	0	-1	2
"1842"	1	4	0	0	3	1	57	2	8	0	0	-1	3
"1843"	4	2	1	0	1	2	40	3	14	0	15210	-1	1
"1844"	2	2	0	0	1	2	53	2	13	1	15210	28	1
"1846"	2	3	2	0	1	1	44	3	12	0	15210	-1	1
"1848"	2	0	1	2	1	1	67	2	16	2	74880	-1	1
"1849"	2	2	2	0	1	2	27	2	12	0	0	-1	2
"1850"	1	2	0	9	5	1	24	1	12	1	3042	30	2
"1851"	2	2	0	1	1	2	44	1	17	0	0	-1	2
"1852"	2	0	1	2	1	2	35	2	14	3	17550	-1	2
"1853"	2	0	2	1	5	2	39	0	16	0	0	-1	2
"1854"	1	2	1	0	3	1	79	3	14	0	3510	-1	3
"1855"	1	0	2	1	5	2	22	0	16	3	0	-1	2
"1857"	2	3	0	1	5	1	33	0	14	0	5265	-1	2
"1858"	2	0	1	0	1	2	52	2	16	0	12870	-1	2
"1859"	1	2	0	2	2	2	71	0	20	3	17550	2	2
"1860"	1	2	1	0	2	2	78	5	11	0	17550	-1	2
"1863"	1	2	0	2	3	1	76	3	13	0	0	-1	3
"1866"	3	2	0	2	1	2	51	2	10	0	0	-1	1
"1867"	2	3	0	2	1	2	58	2	14	0	25740	-1	2
"1868"	1	3	1	0	4	2	71	3	8	0	0	-1	2
"1869"	1	2	0	2	2	2	64	1	14	0	0	-1	3
"1870"	1	0	1	1	1	2	29	1	13	0	2574	-1	1
"1871"	1	3	0	0	2	2	85	5	9	0	0	-1	3
"1872"	2	0	1	0	3	1	36	3	12	0	0	-1	2
"1873"	2	4	1	0	1	1	62	2	12	0	11115	-1	3
"1875"	1	0	1	2	2	2	80	3	16	0	0	-1	2
"1876"	1	0	1	2	3	2	69	2	15	0	0	-1	2
"1878"	2	2	0	2	1	2	58	4	12	1	8775	40	1
"1879"	2	0	1	0	1	2	75	1	12	0	0	-1	1
"1880"	2	2	1	0	1	1	65	2	18	0	65520	-1	2
"1881"	1	2	0	0	2	1	72	1	15	0	0	-1	2
"1883"	3	1	1	0	1	1	68	1	16	0	0	-1	2
"1885"	2	0	1	0	1	1	56	2	17	0	38610	-1	2
"1887"	2	3	0	2	1	2	79	4	14	0	0	-1	2
"1888"	1	2	1	0	2	2	71	0	20	0	0	-1	3
"1889"	2	0	1	2	1	1	53	1	20	0	46800	-1	1
"1890"	4	1	1	0	5	1	39	0	18	0	1638	-1	2
"1891"	3	1	0	2	1	2	49	3	17	4	0	-1	2
"1892"	1	0	1	1	5	2	22	0	16	0	0	-1	3
"1896"	1	3	0	2	2	2	70	3	14	1	9945	24	2
"1897"	2	0	1	2	1	1	69	3	17	0	0	-1	1
"1898"	5	2	1	0	5	1	27	0	13	0	1638	-1	2
"1899"	3	2	0	0	1	1	52	0	18	4	31590	45	2
"1901"	4	4	2	0	3	2	38	3	14	0	7605	-1	3
"1902"	1	3	0	0	3	2	63	1	13	3	9945	40	2
"1903"	1	0	2	2	5	1	46	0	16	0	0	-1	3
"1905"	2	0	1	2	1	2	44	3	16	0	0	-1	2
"1907"	1	0	2	1	2	2	53	1	12	2	17550	-1	2
"1908"	1	4	2	0	5	2	65	0	16	0	5265	-1	3
"1909"	1	1	0	1	5	2	25	0	13	0	2574	40	1
"1910"	2	0	2	1	5	2	24	3	12	0	9945	-1	2
"1911"	2	2	0	0	1	2	54	2	12	0	0	-1	3
"1912"	1	0	2	0	5	1	42	0	12	0	0	-1	2
"1913"	3	2	1	0	1	1	58	2	12	0	25740	-1	1
"1914"	1	3	0	0	3	1	66	4	9	0	0	75	2
"1915"	2	0	1	2	3	1	48	1	17	0	0	-1	2
"1916"	2	3	0	2	4	2	39	3	15	2	8775	50	2
"1917"	1	3	1	0	5	2	47	0	20	0	31590	-1	2
"1918"	3	2	0	2	5	1	28	2	10	0	936	-1	3
"1919"	2	0	2	1	1	2	28	1	17	0	0	-1	1
"1920"	2	3	1	0	2	2	76	2	11	0	0	-1	3
"1921"	2	0	1	0	1	1	58	6	13	0	0	-1	2
"1922"	1	2	1	0	3	2	35	1	14	0	12870	-1	2
"1923"	1	3	1	0	2	2	54	3	14	0	0	-1	2
"1924"	1	4	0	0	2	1	55	1	10	0	0	-1	3
"1925"	1	0	3	0	2	2	85	4	8	0	0	-1	1
"1926"	2	2	1	0	1	1	72	2	11	0	0	-1	1
"1927"	1	0	1	0	2	2	78	2	12	0	0	-1	2
"1928"	1	1	1	0	3	2	67	2	16	0	2106	-1	2
"1929"	2	0	1	1	1	2	55	2	16	3	21060	-1	2
"1930"	1	3	2	0	1	1	51	0	10	0	0	-1	2
"1931"	2	3	0	0	5	1	55	3	14	0	0	-1	2
"1933"	2	3	0	2	1	2	64	2	16	0	0	-1	1
"1934"	1	0	1	2	1	1	58	1	16	0	0	-1	2
"1937"	1	2	1	0	4	1	43	3	12	0	15210	-1	1
"1939"	2	2	2	0	3	2	39	3	13	0	8775	-1	2
"1940"	2	3	0	0	1	2	79	2	12	0	0	-1	2
"1941"	1	1	0	2	2	2	80	0	18	0	0	-1	1
"1943"	1	4	2	0	5	2	27	1	14	0	0	-1	2
"1944"	1	0	2	0	3	1	50	2	10	0	0	-1	2
"1945"	2	3	0	2	5	2	42	0	13	5	0	40	3
"1946"	2	2	0	0	1	1	72	2	8	0	0	-1	2
"1947"	1	1	2	0	5	2	22	0	15	0	0	-1	2
"1948"	1	3	0	0	5	1	47	0	12	2	12870	40	2
"1949"	1	2	2	0	3	1	50	3	16	0	0	-1	1
"1950"	1	3	0	2	1	1	46	2	16	0	8775	-1	3
"1951"	2	3	0	0	1	2	57	1	12	4	21060	58	2
"1952"	2	0	1	2	1	1	35	0	12	2	21060	-1	2
"1954"	1	0	2	2	4	1	43	2	12	0	164382.03756	-1	2
"1957"	1	3	0	2	2	2	70	2	14	0	0	-1	3
"1960"	2	0	1	2	2	1	58	1	16	3	38610	-1	3
"1961"	2	2	1	0	1	2	65	3	12	0	31590	-1	2
"1962"	1	3	0	2	5	1	25	0	12	0	0	-1	3
"1963"	2	0	1	2	1	2	62	2	12	0	0	-1	2
"1964"	1	3	2	0	5	2	28	2	11	0	7605	-1	2
"1965"	2	3	2	0	1	1	34	2	11	0	15210	-1	2
"1967"	2	0	1	2	3	2	49	4	16	2	164382.03756	-1	1
"1969"	2	0	1	1	1	2	47	4	16	0	0	-1	1
"1970"	1	3	1	0	2	2	81	4	12	0	0	-1	1
"1972"	2	2	1	0	1	2	57	2	13	0	4212	-1	1
"1973"	1	1	0	2	2	2	70	3	16	3	31590	35	2
"1974"	1	0	1	0	3	1	44	2	11	2	12870	-1	2
"1975"	2	1	0	1	1	1	26	1	12	3	0	55	2
"1976"	1	4	0	0	3	2	58	2	10	0	0	-1	3
"1977"	4	0	1	2	1	1	62	1	13	0	0	-1	3
"1978"	2	2	1	0	1	2	26	1	17	0	21060	-1	2
"1979"	2	2	0	2	3	1	57	1	12	2	9945	40	1
"1980"	3	0	2	0	3	1	60	4	7	0	0	-1	2
"1982"	1	0	1	2	3	1	51	0	12	4	38610	-1	3
"1983"	2	3	1	0	1	2	73	3	12	0	0	-1	2
"1986"	2	2	2	0	1	2	25	1	16	0	0	-1	2
"1987"	1	0	1	2	2	2	89	2	12	0	0	-1	2
"1989"	2	0	1	2	1	1	46	1	15	6	17550	-1	3
"1990"	1	3	2	0	5	2	33	1	11	0	0	-1	3
"1991"	2	2	0	2	1	2	69	2	15	1	6435	40	2
"1993"	1	4	2	0	3	1	40	4	14	0	0	-1	3
"1994"	1	0	2	2	2	2	48	6	14	0	0	-1	2
"1996"	2	0	1	0	1	1	67	2	13	0	0	-1	2
"1997"	1	3	0	2	3	2	60	2	12	0	0	-1	2
"1998"	3	0	1	2	1	2	54	3	17	0	17550	-1	2
"1999"	1	3	0	0	3	1	61	0	13	4	21060	40	3
"2000"	2	0	1	2	1	1	61	2	12	5	31590	-1	2
"2001"	2	1	1	0	1	2	29	0	19	0	3042	-1	1
"2003"	2	0	1	0	1	2	74	0	12	0	0	-1	2
"2004"	2	2	2	0	5	2	20	1	13	0	0	-1	2
"2005"	1	4	0	0	2	2	83	3	12	0	0	-1	2
"2006"	2	4	1	0	3	1	60	1	14	0	0	-1	2
"2007"	2	2	0	2	1	2	42	2	14	2	1638	29	1
"2008"	2	2	1	0	1	1	44	3	16	0	31590	-1	2
"2009"	2	0	1	2	1	1	39	2	19	3	46800	-1	2
"2010"	1	0	1	1	5	1	29	0	16	2	31590	-1	2
"2011"	2	2	1	0	1	2	37	2	16	0	234	-1	2
"2012"	1	0	1	2	5	2	60	0	20	0	46800	-1	1
"2013"	1	1	1	0	2	2	62	1	16	0	0	-1	2
"2014"	1	0	1	0	2	1	85	2	19	0	0	-1	2
"2015"	2	3	1	0	1	1	33	1	18	0	0	-1	2
"2017"	2	1	0	2	1	1	78	2	20	0	0	-1	2
"2018"	3	0	1	1	5	2	23	0	16	2	0	-1	1
"2019"	2	0	1	2	1	2	52	6	12	0	7605	-1	2
"2020"	2	1	1	0	1	1	62	0	14	0	8775	-1	2
"2021"	1	3	0	2	3	2	41	2	16	0	9945	-1	3
"2022"	1	0	1	0	2	2	71	3	14	0	0	-1	2
"2024"	2	2	1	0	1	2	71	2	16	0	0	-1	1
"2025"	1	2	0	2	5	1	24	0	14	0	21060	-1	2
"2026"	1	0	1	0	2	2	86	3	12	0	0	-1	1
"2027"	1	4	0	2	3	1	42	0	12	0	3042	-1	3
"2028"	2	0	2	0	1	2	89	0	12	0	0	-1	1
"2030"	2	0	1	1	1	2	37	1	15	1	0	-1	2
"2032"	2	1	1	0	1	2	44	4	13	0	21060	-1	2
"2034"	1	0	1	0	2	2	81	2	12	0	0	-1	2
"2035"	1	2	2	0	5	2	22	1	12	0	5265	-1	2
"2036"	1	0	2	0	5	1	63	0	18	2	4212	-1	2
"2037"	1	0	1	2	2	1	89	2	17	0	0	-1	2
"2038"	2	3	2	0	5	1	23	0	12	0	234	-1	3
"2040"	2	0	1	2	1	2	78	0	14	0	0	-1	2
"2041"	1	2	1	0	2	2	89	4	12	0	0	-1	1
"2043"	3	0	1	1	5	1	19	0	11	3	3042	-1	3
"2045"	1	1	0	2	5	2	27	2	11	3	0	40	2
"2046"	2	2	0	2	3	2	47	3	15	3	0	40	1
"2047"	1	0	2	0	5	2	22	0	12	2	0	-1	2
"2049"	1	0	1	0	5	2	69	0	17	0	0	-1	2
"2052"	3	3	0	2	5	1	40	0	12	0	0	-1	3
"2053"	1	0	1	0	1	2	82	2	12	0	0	-1	2
"2055"	1	0	1	2	5	1	34	2	12	0	25740	-1	2
"2056"	2	2	1	0	1	1	38	5	16	0	15210	-1	3
"2057"	1	0	2	2	5	2	26	1	5	0	3510	-1	1
"2058"	1	1	0	2	5	1	32	0	16	3	12870	30	3
"2059"	3	1	1	0	1	1	60	2	19	0	31590	-1	1
"2060"	2	1	0	2	2	2	64	2	15	2	31590	40	1
"2062"	2	2	1	0	1	1	65	3	13	0	5265	-1	1
"2063"	2	1	0	2	1	2	41	2	16	3	31590	40	2
"2064"	1	0	1	0	2	1	88	6	12	0	0	-1	2
"2065"	1	2	2	0	3	2	83	5	13	0	0	-1	2
"2066"	1	2	0	2	5	2	62	0	18	3	12870	40	2
"2067"	1	2	0	2	3	1	52	2	12	0	21060	-1	3
"2068"	1	0	1	2	3	1	59	2	12	0	12870	-1	2
"2069"	1	0	2	1	5	1	23	0	17	0	0	-1	1
"2070"	2	0	2	1	5	1	22	0	15	0	0	-1	2
"2071"	2	0	2	1	5	1	28	0	16	0	9945	-1	2
"2072"	1	2	0	2	3	1	52	3	18	3	56160	40	2
"2073"	2	1	1	0	1	2	54	2	16	0	2106	-1	2
"2074"	2	3	0	0	1	1	86	4	20	0	0	-1	2
"2075"	2	2	0	1	1	1	42	2	20	2	25740	60	2
"2076"	2	0	1	0	1	1	81	1	12	0	0	-1	1
"2077"	2	3	2	0	5	1	21	0	12	0	0	-1	1
"2078"	1	3	0	2	5	2	41	3	12	6	7605	40	3
"2079"	2	2	1	0	1	1	57	2	18	0	15210	-1	2
"2080"	2	2	0	2	5	1	23	0	13	4	0	40	2
"2081"	1	0	2	0	5	2	50	3	12	0	0	-1	1
"2082"	2	2	0	0	1	1	46	3	18	3	31590	50	2
"2083"	2	0	1	1	3	2	39	4	16	2	21060	-1	2
"2084"	2	3	2	0	3	1	57	4	12	0	31590	-1	2
"2085"	2	1	0	2	1	2	66	0	12	1	17550	22	2
"2086"	1	0	2	1	5	2	45	1	14	1	0	-1	3
"2088"	2	2	1	0	1	1	60	1	13	0	17550	-1	2
"2089"	2	1	0	2	1	1	33	2	12	1	31590	60	1
"2091"	2	3	2	0	2	2	84	5	12	0	0	-1	2
"2092"	2	2	0	0	1	2	63	3	13	0	0	-1	1
"2093"	1	0	1	2	3	2	60	0	14	5	0	-1	2
"2094"	2	1	0	2	5	1	22	0	16	0	936	-1	1
"2095"	2	0	1	2	1	2	68	3	17	0	0	-1	2
"2096"	2	2	1	0	1	1	69	2	19	0	0	-1	1
"2097"	2	1	0	0	3	1	53	2	16	3	0	36	2
"2098"	1	0	1	0	2	1	81	0	12	0	0	-1	1
"2100"	1	2	1	0	1	2	60	2	16	0	15210	-1	2
"2101"	2	2	0	0	1	2	65	2	12	1	4212	25	2
"2102"	2	3	1	0	1	2	67	3	12	0	0	-1	2
"2103"	1	0	1	2	5	1	64	0	17	0	0	-1	2
"2104"	1	3	1	0	3	1	70	0	12	0	0	-1	2
"2105"	2	2	1	0	1	1	30	0	15	0	17550	-1	2
"2106"	1	2	0	2	3	2	31	1	17	0	0	-1	3
"2109"	1	4	0	0	3	2	56	0	12	0	0	-1	3
"2110"	1	1	1	0	5	2	68	0	18	0	0	-1	2
"2111"	3	4	0	1	1	2	61	3	13	0	6435	999	1
"2113"	1	0	2	2	4	2	53	1	14	0	4212	-1	2
"2114"	2	1	0	2	1	1	32	0	14	5	21060	40	2
"2117"	2	0	1	2	1	1	52	2	12	0	0	-1	3
"2118"	4	1	1	0	3	1	57	3	13	0	31590	-1	2
"2119"	2	4	0	2	3	2	50	2	13	4	0	-1	2
"2121"	1	0	1	2	3	2	53	4	12	0	21060	-1	1
"2122"	1	0	2	2	5	1	37	0	16	6	38610	-1	3
"2123"	2	2	1	0	1	2	76	2	16	0	0	-1	1
"2124"	3	3	0	2	1	2	53	6	17	0	0	-1	3
"2125"	2	1	9	0	3	2	99	2	12	0	0	-1	1
"2126"	2	3	0	2	5	2	21	1	12	2	9945	32	1
"2128"	2	2	1	0	1	1	53	4	14	0	46800	-1	2
"2130"	2	1	1	0	1	2	47	3	16	0	15210	-1	2
"2131"	1	1	0	2	2	2	59	2	16	0	0	-1	2
"2132"	1	0	2	0	2	2	78	4	12	0	0	-1	1
"2133"	3	1	0	2	1	2	99	3	12	2	17550	40	1
"2135"	2	2	1	0	1	1	65	4	17	0	17550	-1	1
"2137"	2	0	1	2	1	1	64	2	16	0	74880	-1	1
"2138"	2	3	1	0	1	2	61	3	12	0	15210	-1	2
"2139"	2	1	0	2	1	2	32	1	20	3	25740	40	1
"2140"	1	0	1	2	3	2	65	1	12	0	15210	-1	2
"2141"	1	2	0	0	2	2	78	6	12	0	0	-1	3
"2142"	2	0	1	2	1	2	48	1	12	0	15210	-1	2
"2143"	2	0	2	0	1	1	45	5	14	1	56160	-1	2
"2144"	2	2	1	0	1	1	58	4	12	0	17550	-1	2
"2145"	2	3	0	9	2	2	89	4	99	9	0	-1	3
"2146"	1	0	2	2	3	2	55	4	12	0	2574	-1	2
"2147"	1	2	2	0	5	1	46	3	14	0	0	-1	2
"2148"	1	0	1	2	3	1	41	1	12	2	31590	-1	3
"2150"	2	0	1	0	1	2	83	3	12	0	0	-1	1
"2151"	2	3	1	0	2	2	85	5	12	0	0	-1	2
"2152"	3	0	2	2	5	1	22	0	12	3	0	-1	2
"2153"	2	0	1	2	1	2	38	2	16	0	12870	-1	1
"2154"	1	3	2	0	5	1	42	1	11	0	17550	-1	2
"2155"	2	0	1	0	1	2	74	3	12	0	0	-1	2
"2156"	1	2	2	0	5	2	29	2	12	0	8775	-1	2
"2157"	1	0	1	2	5	1	37	0	16	0	25740	-1	2
"2159"	1	0	1	2	2	1	71	2	14	0	21060	-1	1
"2160"	1	2	0	2	3	2	35	5	8	2	0	40	2
"2161"	2	0	2	2	5	1	21	1	12	2	11115	-1	1
"2162"	2	2	1	0	1	2	63	2	14	0	15210	-1	1
"2163"	1	1	1	0	3	1	67	0	14	0	0	-1	1
"2164"	2	3	0	1	5	2	27	2	11	1	0	38	2
"2165"	1	0	1	0	2	1	75	3	6	0	0	-1	2
"2166"	1	0	2	2	5	1	33	4	11	0	15210	-1	3
"2167"	2	1	0	2	1	2	47	2	16	4	1638	25	3
"2168"	3	0	3	2	5	1	26	0	15	0	11115	-1	2
"2170"	2	0	1	0	1	1	64	3	12	2	6435	-1	1
"2172"	3	1	0	0	1	2	76	3	16	2	0	-1	1
"2173"	2	3	0	1	5	2	23	2	12	0	0	-1	2
"2174"	1	2	2	0	3	1	71	3	8	0	234	-1	2
"2175"	3	1	0	9	1	1	30	0	12	9	0	999	3
"2176"	2	2	1	0	1	2	48	4	14	0	25740	-1	2
"2177"	2	0	1	2	5	2	39	3	12	3	9945	-1	2
"2178"	1	1	1	0	5	2	71	0	12	0	0	-1	2
"2179"	2	3	0	0	5	1	25	1	11	3	5265	40	2
"2180"	1	1	0	1	5	1	23	0	14	3	0	45	1
"2181"	2	2	1	0	1	2	53	3	14	0	15210	-1	2
"2182"	2	2	0	0	3	2	63	3	12	0	936	-1	2
"2183"	1	0	1	2	5	2	23	0	16	0	0	-1	1
"2184"	1	2	1	0	3	2	60	2	12	0	21060	-1	2
"2185"	1	1	0	0	2	2	78	4	12	0	234	-1	1
"2186"	1	0	2	2	5	1	32	0	13	1	21060	-1	2
"2187"	2	2	1	0	1	2	49	0	13	0	25740	-1	2
"2188"	2	0	1	2	1	2	62	2	19	0	17550	-1	2
"2189"	2	1	0	1	1	2	31	0	19	6	38610	45	2
"2190"	2	0	1	2	1	1	69	2	18	1	164382.03756	-1	2
"2192"	2	1	2	0	5	2	24	0	16	0	15210	-1	1
"2193"	2	2	0	1	1	1	29	0	18	3	31590	45	1
"2194"	2	0	2	1	1	2	30	2	12	2	0	-1	1
"2195"	2	3	1	0	2	2	77	0	12	0	0	-1	1
"2196"	2	3	0	2	5	1	25	0	18	3	21060	55	2
"2197"	1	3	2	0	3	1	50	1	20	0	6435	-1	3
"2198"	2	1	0	0	1	2	78	1	14	0	0	-1	2
"2199"	2	0	1	1	1	1	33	2	12	0	17550	-1	3
"2200"	2	2	1	0	1	1	67	2	14	0	12870	-1	2
"2201"	2	0	1	2	1	2	67	0	13	0	0	-1	1
"2202"	2	0	1	1	1	2	30	1	16	4	2574	-1	1
"2203"	2	2	1	0	1	2	65	5	12	0	0	-1	2
"2204"	2	3	0	0	2	2	67	3	12	0	0	-1	2
"2205"	2	0	2	2	1	1	45	1	19	0	21060	-1	2
"2206"	1	3	2	0	3	1	34	3	12	0	0	-1	2
"2207"	2	0	2	2	5	2	29	0	13	3	0	-1	1
"2208"	1	0	2	0	2	2	84	4	12	0	0	-1	2
"2209"	1	3	0	0	1	2	39	1	10	3	11115	-1	2
"2210"	1	1	1	0	2	2	76	2	12	0	0	-1	1
"2211"	1	2	0	2	2	2	69	2	17	0	0	-1	3
"2212"	3	0	2	0	5	1	43	0	12	0	5265	-1	2
"2213"	2	3	2	0	1	2	89	0	15	0	0	-1	2
"2214"	1	2	0	2	3	1	67	1	12	3	11115	40	2
"2215"	1	0	2	0	3	1	59	5	12	0	0	-1	2
"2217"	3	0	1	0	4	2	23	0	12	0	0	-1	1
"2218"	2	4	2	0	4	1	32	1	10	0	3042	-1	2
"2219"	2	0	2	1	5	2	46	1	12	0	936	-1	2
"2220"	1	2	2	0	5	1	48	0	12	0	0	-1	2
"2221"	1	2	0	2	3	2	64	3	14	2	3042	28	2
"2222"	3	2	1	0	1	1	46	4	12	0	38610	-1	2
"2223"	2	3	0	2	1	1	86	3	13	0	0	-1	2
"2225"	4	2	1	0	5	2	20	0	14	0	1638	-1	2
"2226"	2	1	0	2	1	1	65	1	17	0	0	-1	2
"2228"	1	0	1	0	2	1	80	5	12	0	0	-1	2
"2229"	2	2	1	0	5	1	21	0	13	0	0	-1	2
"2230"	1	2	0	2	3	1	40	2	12	3	31590	45	2
"2232"	1	0	2	1	5	2	22	1	13	4	5265	-1	2
"2233"	1	4	0	0	3	2	68	1	12	0	0	-1	3
"2234"	2	1	1	0	1	1	32	0	16	0	15210	-1	2
"2235"	2	2	0	9	1	1	57	9	10	1	0	-1	2
"2238"	2	1	0	1	5	1	18	0	11	2	0	25	3
"2239"	3	0	1	2	5	1	39	8	10	3	0	-1	3
"2240"	2	2	0	2	1	1	27	0	16	2	17550	40	1
"2241"	1	0	2	1	1	1	29	0	12	0	17550	-1	2
"2242"	2	0	1	2	1	2	70	5	15	0	0	-1	2
"2243"	2	1	0	2	1	2	41	2	17	3	0	50	1
"2244"	1	0	1	1	3	1	40	2	12	2	65520	-1	1
"2245"	1	2	2	0	5	2	20	0	12	0	0	-1	2
"2246"	3	0	2	1	5	1	27	0	14	0	3042	-1	2
"2247"	1	2	0	0	3	2	53	1	12	6	936	40	1
"2248"	2	0	2	0	1	2	49	2	12	2	4212	-1	2
"2249"	1	0	1	0	3	1	62	4	12	0	1638	-1	2
"2250"	2	2	0	2	3	1	49	3	12	0	0	-1	2
"2252"	2	0	1	1	4	2	23	4	12	0	0	-1	3
"2253"	1	3	0	0	3	1	61	5	15	0	0	-1	2
"2254"	2	3	0	0	2	2	77	7	9	0	0	-1	3
"2257"	2	0	2	0	4	2	60	4	12	0	0	-1	2
"2258"	1	1	1	0	3	2	51	3	10	0	0	-1	2
"2259"	2	3	0	0	1	1	49	3	12	3	9945	40	1
"2260"	4	0	1	0	1	2	52	4	16	0	0	-1	2
"2261"	2	0	1	2	3	2	58	6	14	0	0	-1	2
"2262"	2	4	1	0	1	1	56	2	12	0	0	-1	3
"2263"	2	0	1	2	1	1	43	3	16	2	38610	-1	2
"2264"	1	2	0	2	4	2	41	6	12	1	7605	60	3
"2265"	2	1	1	0	1	1	42	4	11	0	38610	-1	1
"2266"	1	3	0	0	2	1	65	2	10	0	0	-1	3
"2267"	3	0	1	1	5	1	19	0	13	0	0	-1	2
"2268"	3	2	1	0	1	2	44	3	14	0	25740	-1	1
"2269"	1	3	0	2	2	2	79	2	14	0	0	-1	3
"2270"	3	2	0	1	1	2	46	3	8	3	0	-1	3
"2271"	2	3	1	0	1	1	72	4	12	0	0	-1	2
"2272"	2	2	1	0	1	2	56	3	12	0	9945	-1	2
"2273"	1	0	2	0	5	2	58	0	13	0	0	-1	2
"2274"	2	3	1	0	1	1	53	3	12	0	25740	-1	2
"2275"	2	2	0	2	1	1	33	3	10	2	56160	40	2
"2277"	1	2	1	0	3	2	56	2	12	0	31590	-1	2
"2279"	2	3	1	0	1	1	59	2	20	0	0	-1	2
"2280"	1	3	0	2	2	2	59	3	14	3	3042	40	3
"2282"	1	0	1	2	2	1	60	4	11	0	8775	-1	3
"2283"	1	3	2	0	5	1	27	2	12	0	7605	-1	2
"2284"	1	1	0	2	1	1	70	1	16	1	17550	40	2
"2285"	1	3	2	0	5	2	38	5	10	0	0	-1	3
"2286"	1	0	1	0	5	1	57	6	11	0	0	-1	2
"2288"	2	3	0	2	5	2	21	1	11	5	6435	35	2
"2289"	1	3	1	0	2	1	83	6	6	0	0	-1	2
"2290"	2	1	0	2	1	2	46	1	14	2	1638	60	2
"2291"	3	0	1	2	5	1	18	0	10	0	0	-1	3
"2292"	2	2	0	0	5	1	24	2	12	2	38610	60	1
"2293"	4	2	0	0	3	1	37	5	12	1	0	48	3
"2294"	2	2	1	0	1	2	47	2	12	0	0	-1	2
"2295"	2	2	0	1	5	2	24	1	13	2	8775	40	1
"2298"	2	2	2	0	1	1	58	2	12	0	25740	-1	3
"2299"	5	0	1	1	1	2	42	3	10	0	936	-1	1
"2300"	2	4	1	0	1	1	48	5	17	0	0	-1	1
"2301"	3	3	0	2	3	2	54	3	14	1	17550	40	2
"2302"	2	3	0	0	2	2	65	3	9	0	0	-1	3
"2304"	2	3	1	0	1	2	59	2	6	0	0	-1	1
"2305"	2	2	0	2	1	1	54	1	12	2	25740	40	1
"2306"	1	0	2	1	5	2	35	3	14	0	0	-1	2
"2307"	2	2	1	0	1	2	29	2	14	0	0	-1	1
"2308"	1	2	2	0	5	2	35	1	11	0	8775	-1	2
"2309"	2	2	0	0	1	1	68	2	16	2	5265	8	3
"2310"	3	3	0	0	1	1	55	1	6	1	12870	37	1
"2312"	1	3	2	0	5	1	78	8	16	0	0	-1	3
"2313"	2	2	1	0	1	1	71	3	16	0	0	-1	2
"2315"	2	2	1	0	1	1	44	1	11	0	164382.03756	-1	2
"2316"	1	0	1	2	3	2	57	0	15	0	0	-1	3
"2317"	2	2	1	0	1	2	25	0	14	0	9945	-1	1
"2318"	2	2	0	2	5	1	30	2	16	3	21060	40	1
"2319"	1	0	1	2	3	2	58	0	14	0	25740	-1	2
"2321"	1	0	2	2	5	2	28	0	14	3	15210	-1	2
"2322"	2	2	2	0	1	1	51	3	12	0	21060	-1	2
"2323"	2	2	1	0	1	1	35	0	16	0	21060	-1	1
"2324"	1	2	2	0	5	2	22	0	14	0	12870	-1	2
"2325"	1	2	0	1	5	2	25	0	16	0	234	-1	2
"2326"	1	2	1	0	5	2	59	0	19	0	31590	-1	2
"2327"	1	0	1	2	5	2	55	0	12	0	0	-1	2
"2330"	1	3	0	0	3	1	79	3	12	0	0	-1	3
"2331"	1	0	2	0	3	2	84	1	13	0	0	-1	1
"2332"	1	0	2	0	3	2	65	1	15	0	234	-1	1
"2333"	1	4	2	0	2	1	61	3	16	0	0	-1	2
"2334"	1	3	0	2	5	2	26	1	9	1	2106	70	3
"2335"	1	2	0	2	3	2	57	1	12	2	17550	25	3
"2336"	2	0	1	2	1	2	31	1	17	0	25740	-1	2
"2337"	3	1	1	0	1	1	38	1	16	0	38610	-1	1
"2338"	1	4	0	2	3	1	51	2	11	0	0	-1	3
"2339"	2	3	1	0	5	1	22	3	10	0	3510	-1	3
"2340"	1	0	1	2	3	1	55	0	18	0	21060	-1	2
"2341"	1	2	2	0	3	2	46	0	20	0	21060	-1	2
"2344"	2	1	3	0	4	1	31	1	12	0	4212	-1	2
"2345"	1	1	0	0	3	1	53	2	12	1	56160	40	1
"2346"	2	0	2	1	5	2	24	0	11	0	0	-1	2
"2347"	1	2	0	0	5	2	63	0	20	0	0	-1	3
"2350"	2	0	1	1	1	2	54	4	14	0	936	-1	2
"2351"	1	2	0	2	2	1	75	2	18	0	0	-1	2
"2354"	1	0	2	1	3	2	43	2	19	0	25740	-1	2
"2355"	1	2	2	0	5	1	31	0	16	0	46800	-1	2
"2356"	3	2	0	1	1	2	48	2	12	3	0	20	1
"2357"	2	0	1	0	1	1	86	1	11	0	0	-1	2
"2358"	1	0	1	2	3	2	50	3	16	0	31590	-1	2
"2359"	2	1	1	0	1	2	58	3	16	0	0	-1	1
"2360"	2	2	0	1	3	2	50	3	18	3	21060	65	2
"2361"	1	1	0	2	3	2	62	3	18	2	31590	40	1
"2362"	2	0	1	2	1	1	60	1	16	1	164382.03756	-1	1
"2363"	3	0	1	0	5	2	20	0	13	2	936	-1	2
"2364"	2	2	0	2	1	2	30	0	16	3	25740	40	2
"2365"	1	2	2	0	3	1	35	2	9	0	0	-1	3
"2366"	1	1	0	0	5	1	68	0	16	0	0	-1	2
"2367"	2	0	1	2	1	1	60	2	6	0	0	-1	2
"2368"	2	2	1	0	1	2	36	2	18	0	65520	-1	1
"2369"	1	2	0	0	3	2	58	2	13	0	0	-1	3
"2370"	1	0	1	2	5	2	71	0	12	0	0	-1	2
"2374"	1	0	2	1	1	2	25	3	10	0	0	-1	1
"2375"	2	2	0	1	5	2	30	1	13	0	0	-1	1
"2376"	2	1	0	2	1	1	61	5	14	3	31590	44	1
"2377"	1	0	2	2	3	2	44	3	12	0	15210	-1	3
"2378"	1	0	2	2	5	2	36	1	14	3	6435	-1	2
"2379"	2	3	2	0	5	2	21	0	12	0	936	-1	2
"2380"	1	0	1	2	2	2	68	0	20	0	6435	-1	2
"2381"	3	3	0	0	1	2	39	3	4	2	0	40	9
"2382"	1	3	0	2	3	1	46	3	15	7	7605	15	2
"2383"	2	0	2	2	5	2	20	0	12	0	1638	-1	2
"2384"	2	2	1	0	1	2	64	3	12	0	0	-1	2
"2385"	2	3	0	0	1	1	49	2	1	3	12870	65	1
"2386"	2	2	2	0	1	2	42	2	6	0	5265	-1	2
"2387"	2	3	0	0	5	1	53	0	11	0	0	-1	1
"2389"	2	2	0	0	1	1	68	0	12	1	3510	35	2
"2390"	4	3	1	0	5	1	19	0	12	0	936	-1	2
"2391"	3	2	0	1	1	2	52	3	16	2	31590	40	1
"2392"	1	1	1	0	3	2	66	2	14	0	0	-1	1
"2393"	2	0	2	1	1	2	42	1	14	0	25740	-1	2
"2394"	2	2	1	0	1	1	33	1	9	0	21060	-1	1
"2395"	1	3	0	2	4	1	29	3	11	0	0	-1	3
"2398"	4	0	2	0	1	1	54	8	11	2	17550	-1	3
"2399"	2	2	2	0	5	2	22	0	16	0	8775	-1	1
"2400"	4	4	0	1	5	1	21	0	12	0	936	-1	2
"2401"	2	0	1	1	5	1	19	0	12	0	0	-1	3
"2402"	1	4	0	0	5	1	49	2	6	0	0	-1	1
"2403"	3	1	2	0	1	2	64	5	15	0	0	-1	1
"2405"	2	0	1	0	1	2	33	3	6	0	0	-1	1
"2406"	3	2	2	0	1	2	36	3	13	0	9945	-1	2
"2407"	2	2	0	2	5	2	30	4	11	4	3042	15	2
"2408"	1	2	2	0	3	1	67	2	15	0	0	-1	1
"2410"	3	3	2	0	5	1	33	2	8	0	3042	-1	1
"2411"	1	0	2	0	3	2	50	9	15	0	0	-1	3
"2412"	2	2	1	0	2	2	86	0	20	0	12870	-1	1
"2414"	1	0	1	2	3	1	56	2	16	0	31590	-1	3
"2415"	2	1	2	0	3	2	29	1	16	0	25740	-1	1
"2416"	2	3	0	2	1	1	69	1	13	0	0	-1	2
"2417"	1	3	2	0	5	2	31	2	12	0	12870	-1	2
"2418"	1	2	1	0	4	1	67	4	12	0	0	-1	1
"2419"	1	0	1	2	4	2	59	4	20	3	3042	-1	2
"2420"	3	3	1	0	1	1	61	4	12	0	0	-1	1
"2422"	2	2	0	1	1	2	37	2	17	2	17550	40	2
"2424"	4	0	1	1	5	1	19	0	12	0	0	-1	3
"2425"	1	2	1	0	2	2	61	6	17	0	0	-1	2
"2427"	1	3	0	2	3	2	56	0	20	1	12870	60	2
"2428"	2	0	1	2	3	2	59	2	13	0	1638	-1	2
"2430"	1	1	0	2	2	2	62	2	16	5	21060	39	2
"2431"	3	0	2	1	5	2	27	0	20	5	17550	-1	1
"2432"	1	1	1	0	2	2	69	0	11	0	0	-1	1
"2433"	2	0	2	2	1	2	38	2	14	0	3510	-1	1
"2434"	1	1	1	0	1	1	63	0	16	0	11115	-1	2
"2435"	1	0	2	2	2	2	81	3	10	0	0	-1	2
"2436"	2	2	1	0	5	2	20	0	14	0	0	-1	2
"2437"	2	0	1	1	5	2	26	0	17	0	0	-1	2
"2438"	3	1	2	0	5	2	24	0	16	0	3042	-1	1
"2439"	2	1	0	2	1	2	35	2	19	0	0	-1	1
"2440"	2	2	1	0	1	1	52	3	15	0	31590	-1	2
"2441"	2	1	0	2	1	2	43	1	16	2	31590	35	3
"2442"	2	0	1	2	1	2	68	0	16	0	2106	-1	1
"2443"	2	2	1	0	1	1	77	0	17	0	936	-1	2
"2444"	3	2	0	2	5	1	22	0	15	1	0	-1	1
"2445"	2	2	0	1	5	2	21	0	15	0	0	-1	2
"2446"	2	1	0	2	1	2	58	0	18	2	38610	35	1
"2447"	2	0	2	2	5	2	24	0	15	3	0	-1	2
"2448"	3	2	2	0	5	1	23	0	15	0	0	-1	2
"2449"	2	0	1	2	1	2	53	2	17	0	0	-1	2
"2450"	2	1	1	0	1	1	70	2	13	0	0	-1	1
"2451"	4	2	0	0	5	1	45	0	9	4	234	999	2
"2452"	2	0	1	0	1	1	72	3	12	2	3510	-1	2
"2454"	3	0	1	1	5	1	19	0	13	0	0	-1	2
"2455"	1	3	1	0	3	1	70	3	13	0	0	-1	2
"2456"	2	0	1	2	5	1	53	0	14	0	12870	-1	2
"2457"	2	2	0	2	3	1	85	0	10	0	0	-1	3
"2458"	2	0	1	2	1	2	57	2	14	2	31590	-1	1
"2459"	2	3	0	0	1	2	62	0	12	0	0	-1	2
"2460"	1	0	2	1	3	2	64	2	14	0	0	-1	2
"2461"	2	0	1	2	1	2	62	1	12	4	17550	-1	1
"2462"	1	2	0	1	4	2	51	0	14	2	7605	20	1
"2463"	2	0	1	2	1	2	36	2	19	0	25740	-1	1
"2464"	4	3	0	1	5	2	20	0	13	0	0	-1	2
"2466"	1	0	1	0	5	1	64	0	12	0	0	-1	2
"2467"	1	1	1	0	5	2	46	0	20	0	46800	-1	1
"2468"	2	2	0	1	1	2	25	0	15	3	0	-1	1
"2469"	1	3	1	0	3	1	69	1	16	0	0	-1	2
"2470"	1	1	1	0	3	2	62	2	12	0	0	-1	1
"2471"	1	2	2	0	2	2	65	4	7	0	0	-1	1
"2472"	2	0	2	1	5	1	26	0	16	2	31590	-1	2
"2473"	1	3	0	2	5	1	25	0	12	3	11115	40	2
"2474"	1	0	2	2	5	1	26	0	14	0	0	-1	2
"2475"	3	3	2	0	3	1	55	4	14	0	0	-1	2
"2476"	1	0	2	2	5	1	34	0	14	0	9945	-1	2
"2477"	2	1	2	0	1	2	39	2	16	0	21060	-1	2
"2478"	2	0	1	2	1	1	61	0	20	0	164382.03756	-1	2
"2480"	1	4	0	0	1	2	46	4	3	3	8775	99	2
"2481"	2	3	1	0	1	1	73	1	15	0	0	-1	1
"2482"	2	0	1	0	2	2	83	5	12	0	0	-1	2
"2484"	2	2	0	2	1	1	56	0	14	0	0	-1	2
"2485"	1	0	1	0	3	1	61	2	12	0	0	-1	3
"2486"	2	1	0	2	1	2	50	0	12	2	56160	50	1
"2487"	2	2	1	0	2	2	57	2	12	0	9945	-1	3
"2488"	2	0	1	0	1	1	78	4	10	0	0	-1	2
"2489"	2	2	2	0	1	2	31	0	14	0	6435	-1	2
"2490"	1	1	0	2	3	1	73	0	19	1	31590	50	1
"2491"	2	1	0	2	1	1	67	1	14	2	5265	40	2
"2492"	1	1	1	0	2	1	81	8	10	0	0	-1	1
"2495"	1	0	2	0	3	1	58	0	12	0	15210	-1	2
"2496"	2	2	2	0	1	2	37	8	13	0	12870	-1	2
"2497"	3	4	0	0	1	2	43	3	6	0	0	-1	1
"2498"	2	0	1	1	1	2	46	2	13	1	0	-1	1
"2499"	2	2	2	0	1	1	42	4	12	0	25740	-1	2
"2500"	2	0	1	1	1	2	45	2	14	0	8775	-1	2
"2501"	3	2	1	0	1	2	49	2	15	0	5265	-1	3
"2503"	1	0	1	0	2	1	76	6	9	0	0	-1	2
"2504"	2	0	1	0	3	2	63	3	10	0	5265	-1	2
"2505"	1	1	2	0	1	2	28	0	12	0	5265	-1	2
"2508"	2	2	2	0	1	1	54	0	12	0	21060	-1	1
"2509"	1	2	0	2	4	2	27	3	13	3	7605	38	3
"2513"	1	2	2	0	5	2	27	2	14	0	12870	-1	2
"2514"	2	1	0	2	3	1	35	3	14	1	31590	40	2
"2515"	2	0	2	2	1	1	27	0	14	0	9945	-1	2
"2516"	2	4	2	0	5	2	27	2	8	0	0	-1	3
"2517"	1	2	0	2	3	1	48	2	14	0	0	-1	3
"2518"	2	0	2	2	4	1	30	0	12	1	6435	-1	2
"2519"	2	3	0	2	4	2	34	2	17	3	17550	50	3
"2521"	2	2	0	1	1	2	29	1	12	0	0	-1	2
"2522"	2	0	2	1	1	2	25	3	12	0	0	-1	1
"2523"	2	2	2	0	1	1	67	2	14	0	0	-1	2
"2525"	3	3	2	0	1	2	50	4	14	0	0	-1	2
"2526"	1	0	2	1	1	2	23	1	13	0	12870	-1	2
"2528"	2	3	0	2	1	1	28	4	13	3	12870	40	2
"2529"	2	4	2	0	1	2	62	3	10	0	0	-1	2
"2530"	2	0	2	1	5	2	25	0	12	0	8775	-1	2
"2531"	2	0	1	1	1	2	30	3	14	0	0	-1	2
"2532"	2	3	1	0	4	1	54	1	17	0	17550	-1	1
"2533"	2	1	1	0	1	1	77	6	2	0	0	-1	1
"2534"	2	2	0	0	3	2	47	3	12	2	15210	40	1
"2535"	1	2	1	0	3	2	54	2	15	0	46800	-1	1
"2536"	2	0	1	2	1	2	55	2	12	0	15210	-1	2
"2538"	2	0	1	2	1	2	66	2	13	2	46800	-1	1
"2539"	3	3	0	0	1	2	60	2	14	3	31590	40	2
"2540"	2	1	0	2	1	2	27	2	17	3	12870	40	1
"2541"	2	2	1	0	1	1	81	2	12	0	0	-1	2
"2542"	2	2	0	2	1	1	33	1	12	3	17550	50	2
"2543"	2	0	1	9	1	2	34	2	17	0	17550	-1	2
"2544"	2	2	1	0	2	2	89	2	11	0	0	-1	1
"2545"	3	0	1	2	1	1	58	4	15	2	46800	-1	2
"2547"	2	0	1	2	1	1	40	2	10	3	17550	-1	2
"2548"	2	4	1	0	3	2	57	3	14	0	0	-1	2
"2549"	2	0	2	2	1	1	29	0	11	0	936	-1	1
"2550"	1	2	1	0	2	2	86	4	11	0	0	-1	2
"2551"	1	0	1	2	3	1	50	0	15	0	0	-1	3
"2552"	1	2	1	0	5	1	58	0	12	0	25740	-1	2
"2553"	3	2	0	0	1	2	70	5	12	0	0	-1	2
"2554"	2	2	0	2	1	2	53	2	20	2	38610	999	1
"2555"	2	2	0	2	1	2	99	1	16	0	0	-1	2
"2556"	2	2	1	0	1	1	47	4	16	0	21060	-1	1
"2558"	2	1	0	2	1	1	55	1	14	2	31590	999	1
"2559"	2	1	1	0	5	1	21	0	15	0	0	-1	1
"2560"	3	2	0	2	1	1	45	5	6	2	9945	40	2
"2561"	2	0	1	0	1	2	51	3	14	0	31590	-1	2
"2562"	2	0	1	2	1	1	57	3	16	2	38610	-1	1
"2563"	2	2	1	0	1	1	51	1	14	0	46800	-1	1
"2565"	2	2	0	0	1	2	78	1	12	0	0	-1	2
"2566"	2	1	0	1	1	1	43	3	15	2	164382.03756	80	1
"2567"	1	0	2	2	3	2	38	4	12	0	15210	-1	2
"2568"	1	0	1	2	5	1	56	0	16	3	12870	-1	2
"2569"	1	2	1	0	5	2	25	0	15	0	17550	-1	1
"2571"	2	2	0	1	1	2	46	3	18	3	21060	50	2
"2573"	1	0	1	1	5	2	33	1	15	2	15210	-1	2
"2576"	1	0	2	1	3	2	39	3	12	5	234	-1	2
"2577"	1	3	1	0	5	1	54	0	13	0	0	-1	1
"2578"	2	3	1	0	1	1	69	4	13	0	12870	-1	2
"2579"	2	1	0	1	1	2	43	2	18	2	15210	35	2
"2580"	1	0	1	1	3	2	38	2	14	0	11115	-1	2
"2581"	2	3	1	0	2	1	89	3	7	0	0	-1	1
"2582"	2	0	1	2	3	2	53	5	4	0	0	-1	1
"2583"	1	0	1	2	2	2	62	5	12	0	15210	-1	1
"2586"	2	3	2	0	5	2	22	1	9	0	0	-1	3
"2588"	2	2	2	0	5	2	28	6	9	0	0	-1	2
"2589"	1	3	0	0	5	2	33	2	14	2	15210	40	2
"2590"	2	3	1	0	3	2	37	3	14	0	7605	-1	2
"2591"	1	0	2	2	5	2	36	3	14	3	1638	-1	2
"2592"	2	1	0	2	1	1	35	4	14	0	25740	-1	3
"2593"	1	3	2	0	5	1	41	0	12	0	7605	-1	2
"2594"	1	1	0	2	3	1	57	2	12	3	0	40	1
"2595"	2	0	2	0	1	2	54	5	12	3	17550	-1	2
"2596"	1	2	0	2	3	1	52	1	13	0	25740	-1	2
"2597"	2	2	0	1	1	2	27	1	12	4	0	40	2
"2598"	2	0	1	2	1	2	83	5	16	0	0	-1	1
"2599"	2	0	2	2	3	1	37	3	16	0	0	-1	2
"2601"	2	2	0	1	1	2	30	2	20	0	0	-1	2
"2602"	2	0	1	2	1	2	60	3	12	0	0	-1	2
"2604"	1	2	0	2	3	2	59	3	14	0	0	-1	2
"2605"	1	0	2	0	4	2	61	2	13	0	0	-1	3
"2606"	1	4	0	0	5	1	61	0	12	2	0	70	1
"2607"	1	1	1	0	3	1	58	0	16	0	0	-1	1
"2608"	2	4	0	2	4	2	44	2	12	0	0	-1	1
"2609"	1	0	1	2	3	1	58	2	14	3	31590	-1	2
"2611"	2	0	1	0	1	1	84	2	17	0	0	-1	2
"2613"	2	3	0	2	1	2	70	2	20	0	0	-1	2
"2614"	3	1	2	0	5	1	23	0	13	0	4212	-1	2
"2616"	3	3	0	2	5	1	29	0	12	5	7605	45	2
"2617"	1	0	2	0	3	1	64	2	12	0	0	-1	3
"2618"	2	2	1	0	2	2	61	1	12	0	0	-1	2
"2619"	1	0	1	2	2	2	52	2	14	0	0	-1	3
"2620"	1	2	2	0	3	2	29	2	10	0	0	-1	2
"2621"	1	3	0	1	3	2	54	2	14	0	0	-1	3
"2622"	2	1	1	0	1	2	62	1	16	0	0	-1	1
"2623"	1	1	0	1	5	1	29	0	12	1	0	50	2
"2624"	2	2	1	0	1	1	37	1	12	0	0	-1	2
"2627"	2	0	1	2	1	2	57	2	14	0	2574	-1	2
"2628"	1	2	1	0	5	1	30	0	18	0	38610	-1	2
"2629"	2	2	0	2	1	2	75	1	9	0	0	-1	1
"2630"	1	2	2	0	3	2	45	4	18	0	11115	-1	2
"2631"	1	2	0	2	3	2	54	1	20	3	0	40	2
"2632"	3	0	2	2	5	1	36	0	16	0	25740	-1	2
"2633"	1	2	1	0	1	1	62	1	17	0	7605	-1	1
"2635"	1	0	2	2	3	2	57	2	12	3	6435	-1	2
"2637"	2	0	2	2	1	2	27	0	14	0	0	-1	1
"2639"	2	3	0	2	1	2	37	2	12	1	12870	35	2
"2640"	2	0	1	2	1	1	33	2	14	2	25740	-1	1
"2642"	3	0	3	2	3	2	29	0	16	0	15210	-1	3
"2643"	2	0	2	0	5	2	29	0	12	0	15210	-1	2
"2644"	2	2	0	2	5	2	52	3	9	0	0	-1	3
"2646"	2	4	0	1	3	2	41	3	11	3	4212	40	3
"2648"	2	1	2	0	1	2	31	4	14	0	0	-1	1
"2649"	1	1	1	0	1	1	60	2	12	0	9945	-1	2
"2650"	2	3	0	0	1	1	73	2	12	0	0	-1	1
"2651"	1	0	1	2	5	2	23	0	12	0	2106	-1	3
"2652"	1	2	2	0	3	2	36	4	12	0	12870	-1	2
"2653"	2	3	0	0	1	2	82	3	12	0	0	-1	1
"2655"	3	3	1	0	1	2	61	3	18	0	0	-1	2
"2656"	2	3	0	0	1	1	58	3	13	2	21060	39	2
"2657"	2	0	1	0	1	1	63	2	12	1	0	-1	1
"2658"	1	3	0	0	2	2	83	3	10	0	0	-1	3
"2659"	1	0	2	0	3	2	80	1	14	0	0	-1	1
"2660"	2	0	2	2	1	2	41	2	16	0	0	-1	2
"2661"	2	0	1	0	1	1	79	7	12	0	0	-1	2
"2662"	2	0	1	0	3	2	46	3	10	0	0	-1	2
"2663"	2	0	2	2	1	1	77	4	12	0	0	-1	1
"2664"	1	2	1	0	3	2	66	0	12	0	9945	-1	2
"2665"	1	2	1	0	2	2	77	3	12	0	0	-1	2
"2666"	1	4	0	0	3	2	57	8	13	0	0	-1	3
"2667"	2	0	1	1	1	2	26	0	17	0	15210	-1	1
"2668"	3	2	2	0	3	2	48	6	10	0	936	-1	1
"2669"	2	2	1	0	1	2	51	5	20	0	31590	-1	2
"2671"	1	0	1	1	5	2	22	0	14	0	21060	-1	2
"2672"	2	2	0	2	1	1	49	2	20	6	25740	70	1
"2673"	1	0	2	2	5	2	29	4	11	0	0	-1	3
"2674"	2	3	2	0	3	2	70	7	11	0	0	-1	2
"2675"	2	1	0	2	1	2	42	2	19	2	21060	40	2
"2676"	2	0	1	0	3	2	54	6	8	0	0	-1	3
"2678"	1	0	1	1	3	2	53	3	12	2	12870	-1	2
"2679"	1	3	2	0	5	1	24	0	16	0	15210	-1	1
"2680"	1	2	1	0	2	2	82	3	8	0	0	-1	2
"2681"	2	2	1	0	1	2	52	0	12	0	0	-1	1
"2682"	2	0	1	2	1	1	24	0	12	2	12870	-1	1
"2684"	2	0	1	0	5	2	22	0	12	0	17550	-1	1
"2686"	2	0	1	0	1	2	54	2	14	0	17550	-1	2
"2688"	2	0	1	2	1	2	42	3	13	3	25740	-1	2
"2689"	1	0	2	0	2	1	55	2	10	0	0	-1	2
"2690"	3	2	1	0	1	1	78	3	10	0	0	-1	2
"2691"	2	2	0	2	1	2	59	0	12	2	21060	40	2
"2693"	3	2	1	0	1	1	57	2	12	0	9945	-1	2
"2694"	1	2	0	2	2	2	55	2	16	2	21060	41	2
"2695"	2	0	1	2	1	1	63	2	20	0	0	-1	2
"2696"	2	2	1	0	1	1	37	3	16	0	46800	-1	2
"2698"	2	0	1	2	1	2	54	4	20	0	38610	-1	2
"2699"	1	2	1	0	4	2	78	2	18	0	0	-1	2
"2700"	1	3	0	2	5	1	40	1	16	3	7605	40	2
"2701"	3	0	1	2	1	2	51	1	10	0	21060	-1	1
"2702"	3	3	0	2	5	1	22	0	16	0	0	-1	1
"2703"	1	2	1	0	2	2	83	2	10	0	0	-1	2
"2704"	1	3	0	0	3	2	69	2	14	0	0	-1	3
"2705"	1	3	1	0	3	1	46	4	7	0	0	-1	2
"2706"	2	3	2	0	1	2	34	3	16	0	21060	-1	2
"2708"	1	3	2	0	5	2	25	1	17	0	0	-1	3
"2709"	2	2	0	2	1	1	43	2	16	2	31590	55	2
"2710"	1	0	2	2	3	2	36	4	15	0	0	-1	2
"2711"	1	2	0	0	3	2	61	0	16	2	31590	50	2
"2713"	2	0	1	2	2	2	72	3	12	0	0	-1	3
"2714"	2	2	2	0	1	1	31	1	13	0	17550	-1	2
"2715"	2	2	0	2	1	1	31	0	17	2	21060	46	1
"2718"	2	1	0	2	1	2	32	0	18	2	0	41	1
"2719"	2	0	1	0	1	1	63	2	10	0	936	-1	1
"2720"	2	1	1	0	1	2	39	2	18	0	0	-1	3
"2721"	2	3	0	2	1	2	49	1	20	1	21060	60	2
"2722"	2	3	0	2	5	1	34	2	10	5	6435	27	2
"2724"	1	1	1	0	2	2	57	1	16	0	17550	-1	2
"2726"	1	3	0	0	2	1	77	3	12	3	2106	10	3
"2727"	2	0	1	0	1	1	69	4	11	0	0	-1	1
"2730"	2	3	0	1	1	2	38	4	15	2	6435	35	2
"2731"	1	2	1	0	5	1	53	0	16	0	46800	-1	2
"2732"	2	0	1	2	2	2	61	1	12	1	6435	-1	3
"2733"	2	3	2	0	5	2	43	0	9	0	0	-1	2
"2735"	2	0	1	0	1	2	54	2	14	0	11115	-1	2
"2736"	1	2	1	0	5	2	32	0	15	0	17550	-1	2
"2737"	1	3	0	0	3	1	56	0	12	3	21060	40	3
"2738"	1	2	0	0	3	1	69	3	12	0	0	-1	2
"2739"	2	0	1	2	1	1	39	1	15	2	31590	-1	2
"2741"	2	0	1	2	1	2	53	2	15	0	11115	-1	2
"2742"	2	3	0	1	1	2	54	2	12	0	0	-1	1
"2743"	1	2	0	0	2	2	79	0	12	0	0	-1	3
"2744"	2	1	1	0	1	2	71	2	13	0	0	-1	2
"2745"	2	0	1	0	1	2	61	2	15	0	12870	-1	1
"2747"	2	0	1	2	1	1	55	3	12	1	164382.03756	-1	1
"2748"	2	3	1	0	1	2	60	2	10	0	0	-1	2
"2749"	1	2	1	0	3	1	72	2	12	0	0	-1	3
"2750"	2	1	0	0	1	2	60	3	9	0	4212	-1	1
"2751"	2	0	1	2	3	2	44	1	12	1	11115	-1	1
"2752"	3	3	1	0	3	1	62	2	9	0	0	-1	1
"2753"	2	1	0	0	2	1	50	1	12	2	6435	60	1
"2754"	2	0	2	2	1	2	35	2	15	0	25740	-1	2
"2755"	2	0	2	2	4	2	38	2	12	0	4212	-1	2
"2756"	2	2	1	0	1	1	61	3	12	0	46800	-1	1
"2758"	2	0	1	0	5	2	61	0	12	2	15210	-1	2
"2759"	2	2	0	2	5	2	33	0	8	0	0	-1	3
"2760"	4	0	1	0	1	2	46	8	8	0	0	-1	3
"2761"	1	2	1	0	2	2	87	2	15	0	0	-1	2
"2762"	2	0	1	0	1	1	46	0	8	0	31590	-1	1
"2763"	1	0	1	1	2	1	50	5	11	0	234	-1	3
"2764"	2	3	1	0	1	1	39	4	12	0	15210	-1	3
"2765"	4	2	1	0	5	2	24	1	12	0	0	-1	1
"2766"	4	0	1	0	1	1	64	3	14	0	0	-1	1
"2767"	1	2	2	0	1	2	42	5	9	0	1638	-1	2
"2768"	5	3	0	2	3	2	43	1	11	0	0	-1	2
"2769"	2	2	0	2	1	1	38	0	12	2	0	40	2
"2770"	3	0	2	1	5	2	24	3	12	3	12870	-1	2
"2771"	1	0	1	2	1	2	32	4	12	0	11115	-1	2
"2772"	4	1	1	0	3	2	25	0	12	0	0	-1	1
"2773"	3	0	2	0	5	1	20	0	9	2	0	-1	1
"2774"	2	2	0	2	5	2	40	4	12	0	0	-1	1
"2775"	2	1	0	2	1	2	59	3	12	1	25740	40	1
"2776"	2	0	1	2	1	1	50	1	14	0	21060	-1	1
"2777"	1	3	2	0	5	2	52	3	19	0	31590	-1	1
"2778"	3	2	0	0	1	2	67	3	11	5	0	0	2
"2779"	2	4	0	1	4	2	39	2	13	2	0	65	2
"2780"	1	2	0	0	5	1	67	3	12	0	0	-1	2
"2781"	4	0	1	0	1	1	42	2	11	0	5265	-1	1
"2782"	2	2	1	0	1	1	30	2	12	0	0	-1	2
"2783"	1	1	0	0	1	2	69	2	12	0	0	-1	1
"2784"	2	0	1	0	5	2	33	0	12	0	0	-1	2
"2785"	2	3	1	0	3	2	52	4	11	0	0	-1	1
"2786"	2	2	0	1	1	2	31	5	12	1	15210	65	3
"2787"	3	3	1	0	5	2	43	5	10	0	12870	-1	3
"2788"	1	3	0	0	2	2	55	6	11	0	4212	-1	1
"2789"	1	3	2	0	4	2	55	3	11	0	2574	-1	3
"2790"	3	1	0	0	5	1	29	0	12	0	0	-1	3
"2791"	2	0	1	2	1	2	26	2	12	0	0	-1	3
"2792"	1	0	1	0	2	2	79	3	12	0	0	-1	2
"2793"	2	3	3	0	1	2	31	3	12	0	0	-1	2
"2795"	2	2	1	0	1	2	34	4	10	0	0	-1	2
"2796"	2	3	1	0	1	1	79	2	16	0	0	-1	1
"2797"	4	2	0	0	3	2	23	1	12	4	6435	38	2
"2800"	2	3	1	0	1	2	59	0	12	0	0	-1	2
"2801"	2	0	2	2	5	1	26	0	6	1	0	-1	1
"2802"	2	2	1	0	1	2	74	3	12	0	0	-1	2
"2803"	1	0	2	0	5	2	34	2	99	0	3510	-1	3
"2804"	1	0	1	0	2	2	83	5	12	0	0	-1	3
"2805"	4	4	0	0	3	2	54	3	12	4	234	32	3
"2806"	1	0	2	0	5	2	38	0	12	6	6435	-1	2
"2807"	3	3	1	0	3	2	61	3	13	0	0	-1	3
"2808"	1	2	0	0	3	1	56	4	8	6	0	40	3
"2809"	2	2	0	2	5	2	58	1	12	1	6435	-1	2
"2810"	1	3	0	2	5	1	40	1	12	1	38610	40	2
"2812"	1	2	3	0	4	2	63	2	16	0	0	-1	1
"2814"	2	0	1	0	1	2	66	3	18	2	25740	-1	1
"2815"	2	3	0	0	1	2	82	3	12	0	0	-1	2
"2816"	2	0	1	2	1	1	42	3	19	3	0	-1	2
"2818"	1	3	1	0	3	1	46	4	16	0	56160	-1	2
"2820"	1	2	0	2	2	2	57	3	15	1	0	10	1
"2821"	4	0	1	0	1	1	51	3	12	5	9945	-1	3
"2823"	2	3	2	0	3	2	81	5	10	0	0	-1	1
"2824"	3	2	0	1	5	2	18	0	12	0	0	-1	3
"2825"	3	4	2	0	2	2	71	3	12	0	0	-1	1
"2826"	2	1	1	0	1	2	64	6	12	0	0	-1	1
"2827"	3	0	1	1	5	1	19	0	12	0	5265	-1	2
"2828"	1	2	1	0	3	2	55	0	20	0	0	-1	2
"2829"	1	3	0	2	2	2	85	1	12	0	0	-1	2
"2830"	2	0	1	2	1	1	62	2	16	2	25740	-1	1
"2831"	2	0	1	2	1	2	65	1	16	0	0	-1	2
"2832"	1	2	1	0	5	2	35	2	12	0	15210	-1	3
"2833"	2	1	0	1	1	2	27	0	18	2	17550	50	1
"2834"	1	0	1	0	2	1	88	8	8	0	0	-1	1
"2835"	1	2	1	0	2	2	78	2	18	0	0	-1	1
"2836"	1	1	0	2	3	2	44	1	14	3	11115	35	1
"2838"	2	2	0	2	1	1	47	1	11	5	21060	40	2
"2839"	2	0	1	2	1	2	30	1	16	0	21060	-1	2
"2840"	2	0	1	2	1	1	52	2	16	0	21060	-1	2
"2842"	2	1	0	2	3	2	66	0	18	2	21060	35	2
"2844"	1	0	1	0	3	1	74	4	14	0	0	-1	1
"2845"	2	2	2	0	5	2	24	0	14	0	9945	-1	2
"2847"	1	0	2	0	5	1	68	0	7	1	4212	-1	2
"2848"	2	2	1	0	1	2	58	3	14	0	31590	-1	1
"2849"	2	1	0	2	3	2	62	1	17	1	0	4	2
"2850"	2	2	0	2	1	2	34	1	12	3	9945	40	1
"2852"	2	2	0	2	1	1	40	4	12	1	15210	55	2
"2853"	2	0	1	2	1	2	63	2	12	0	38610	-1	1
"2854"	2	2	1	0	1	1	40	2	16	0	1638	-1	2
"2856"	3	0	2	1	5	1	21	0	15	0	936	-1	2
"2857"	1	3	2	0	4	2	35	2	15	0	21060	-1	2
"2858"	2	0	2	2	1	2	41	3	12	1	4212	-1	2
"2859"	2	0	1	0	1	2	56	0	15	0	12870	-1	3
"2860"	2	0	1	0	5	1	57	2	12	3	0	-1	2
"2861"	2	2	1	0	1	2	68	3	13	0	0	-1	2
"2863"	2	0	1	1	1	2	57	2	20	0	17550	-1	2
"2864"	1	2	1	0	2	1	77	4	15	0	0	-1	2
"2865"	2	0	1	0	1	2	87	4	14	0	0	-1	2
"2866"	2	2	1	0	1	2	55	2	14	0	5265	-1	1
"2867"	2	2	0	2	1	1	72	2	16	0	0	-1	2
